          Dimensions           Particles         Metro-steps               Omega          StepLength                 WF1                 WF2              Energy          Energy_std          Energy_var       Accept_number        Accept_ratio        Imposampling          Analytical
                   3                  30               16384             1.00000             1.20000             0.40000             1.00000            46.74245             1.46796             2.15491                7806             0.47644                   0                   1
                   3                  30               16384             1.00000             0.80000             0.40000             1.00000            45.81644             1.42475             2.02990               12646             0.77185                   1                   1
                   3                  30               17327             1.00000             1.20000             0.40000             1.00000            46.71330             1.49944             2.24832                8249             0.47608                   0                   1
                   3                  30               17327             1.00000             0.80000             0.40000             1.00000            45.80557             1.43670             2.06409               13377             0.77203                   1                   1
                   3                  30               18326             1.00000             1.20000             0.40000             1.00000            46.60657             1.55575             2.42036                8720             0.47583                   0                   1
                   3                  30               18326             1.00000             0.80000             0.40000             1.00000            45.78299             1.43907             2.07092               14154             0.77235                   1                   1
                   3                  30               19381             1.00000             1.20000             0.40000             1.00000            46.53042             1.56789             2.45829                9225             0.47598                   0                   1
                   3                  30               19381             1.00000             0.80000             0.40000             1.00000            45.78917             1.44046             2.07494               14964             0.77210                   1                   1
                   3                  30               20498             1.00000             1.20000             0.40000             1.00000            46.47697             1.57159             2.46988                9746             0.47546                   0                   1
                   3                  30               20498             1.00000             0.80000             0.40000             1.00000            45.81989             1.44383             2.08465               15803             0.77095                   1                   1
                   3                  30               21679             1.00000             1.20000             0.40000             1.00000            46.43404             1.57289             2.47400               10307             0.47544                   0                   1
                   3                  30               21679             1.00000             0.80000             0.40000             1.00000            45.84901             1.45076             2.10472               16713             0.77093                   1                   1
                   3                  30               22928             1.00000             1.20000             0.40000             1.00000            46.45660             1.54377             2.38324               10897             0.47527                   0                   1
                   3                  30               22928             1.00000             0.80000             0.40000             1.00000            45.89549             1.46030             2.13248               17706             0.77224                   1                   1
                   3                  30               24249             1.00000             1.20000             0.40000             1.00000            46.48692             1.53505             2.35638               11537             0.47577                   0                   1
                   3                  30               24249             1.00000             0.80000             0.40000             1.00000            45.92128             1.45498             2.11695               18736             0.77265                   1                   1
                   3                  30               25646             1.00000             1.20000             0.40000             1.00000            46.55687             1.53735             2.36344               12201             0.47575                   0                   1
                   3                  30               25646             1.00000             0.80000             0.40000             1.00000            45.89406             1.45064             2.10436               19795             0.77186                   1                   1
                   3                  30               27123             1.00000             1.20000             0.40000             1.00000            46.56637             1.53686             2.36195               12918             0.47627                   0                   1
                   3                  30               27123             1.00000             0.80000             0.40000             1.00000            45.87155             1.46054             2.13317               20922             0.77137                   1                   1
                   3                  30               28686             1.00000             1.20000             0.40000             1.00000            46.53094             1.52361             2.32138               13644             0.47563                   0                   1
                   3                  30               28686             1.00000             0.80000             0.40000             1.00000            45.91288             1.46179             2.13683               22150             0.77215                   1                   1
                   3                  30               30339             1.00000             1.20000             0.40000             1.00000            46.56064             1.53760             2.36422               14450             0.47628                   0                   1
                   3                  30               30339             1.00000             0.80000             0.40000             1.00000            45.93751             1.46402             2.14337               23441             0.77264                   1                   1
                   3                  30               32086             1.00000             1.20000             0.40000             1.00000            46.55405             1.52903             2.33793               15244             0.47510                   0                   1
                   3                  30               32086             1.00000             0.80000             0.40000             1.00000            45.94088             1.46649             2.15060               24788             0.77255                   1                   1
                   3                  30               33935             1.00000             1.20000             0.40000             1.00000            46.53320             1.52416             2.32307               16133             0.47541                   0                   1
                   3                  30               33935             1.00000             0.80000             0.40000             1.00000            45.95923             1.46707             2.15229               26218             0.77259                   1                   1
                   3                  30               35890             1.00000             1.20000             0.40000             1.00000            46.47481             1.55161             2.40750               17043             0.47487                   0                   1
                   3                  30               35890             1.00000             0.80000             0.40000             1.00000            45.98899             1.46512             2.14659               27734             0.77275                   1                   1
                   3                  30               37958             1.00000             1.20000             0.40000             1.00000            46.39234             1.56605             2.45250               18005             0.47434                   0                   1
                   3                  30               37958             1.00000             0.80000             0.40000             1.00000            46.02301             1.48849             2.21562               29346             0.77312                   1                   1
                   3                  30               40144             1.00000             1.20000             0.40000             1.00000            46.33555             1.57491             2.48033               19078             0.47524                   0                   1
                   3                  30               40144             1.00000             0.80000             0.40000             1.00000            46.02497             1.49092             2.22283               31077             0.77414                   1                   1
                   3                  30               42457             1.00000             1.20000             0.40000             1.00000            46.41730             1.62148             2.62918               20181             0.47533                   0                   1
                   3                  30               42457             1.00000             0.80000             0.40000             1.00000            46.03386             1.49333             2.23004               32907             0.77507                   1                   1
                   3                  30               44903             1.00000             1.20000             0.40000             1.00000            46.41876             1.60854             2.58740               21369             0.47589                   0                   1
                   3                  30               44903             1.00000             0.80000             0.40000             1.00000            46.06220             1.49956             2.24869               34847             0.77605                   1                   1
                   3                  30               47490             1.00000             1.20000             0.40000             1.00000            46.40720             1.60352             2.57129               22610             0.47610                   0                   1
                   3                  30               47490             1.00000             0.80000             0.40000             1.00000            46.06716             1.50112             2.25336               36836             0.77566                   1                   1
                   3                  30               50226             1.00000             1.20000             0.40000             1.00000            46.36833             1.61740             2.61598               23983             0.47750                   0                   1
                   3                  30               50226             1.00000             0.80000             0.40000             1.00000            46.06972             1.50196             2.25588               38964             0.77577                   1                   1
                   3                  30               53120             1.00000             1.20000             0.40000             1.00000            46.37694             1.59042             2.52943               25398             0.47813                   0                   1
                   3                  30               53120             1.00000             0.80000             0.40000             1.00000            46.07639             1.51400             2.29218               41185             0.77532                   1                   1
                   3                  30               56180             1.00000             1.20000             0.40000             1.00000            46.34658             1.57904             2.49337               26862             0.47814                   0                   1
                   3                  30               56180             1.00000             0.80000             0.40000             1.00000            46.08258             1.53625             2.36006               43531             0.77485                   1                   1
                   3                  30               59416             1.00000             1.20000             0.40000             1.00000            46.33373             1.57888             2.49287               28451             0.47884                   0                   1
                   3                  30               59416             1.00000             0.80000             0.40000             1.00000            46.08926             1.53227             2.34786               46062             0.77525                   1                   1
                   3                  30               62839             1.00000             1.20000             0.40000             1.00000            46.32156             1.57839             2.49131               30075             0.47860                   0                   1
                   3                  30               62839             1.00000             0.80000             0.40000             1.00000            46.06274             1.54209             2.37806               48681             0.77469                   1                   1
                   3                  30               66460             1.00000             1.20000             0.40000             1.00000            46.30026             1.58448             2.51056               31830             0.47893                   0                   1
                   3                  30               66460             1.00000             0.80000             0.40000             1.00000            46.04475             1.53393             2.35294               51453             0.77420                   1                   1
                   3                  30               70288             1.00000             1.20000             0.40000             1.00000            46.32167             1.58129             2.50049               33618             0.47829                   0                   1
                   3                  30               70288             1.00000             0.80000             0.40000             1.00000            46.04415             1.53039             2.34210               54442             0.77456                   1                   1
                   3                  30               74338             1.00000             1.20000             0.40000             1.00000            46.29276             1.59118             2.53185               35498             0.47752                   0                   1
                   3                  30               74338             1.00000             0.80000             0.40000             1.00000            46.03536             1.52042             2.31169               57548             0.77414                   1                   1
                   3                  30               78620             1.00000             1.20000             0.40000             1.00000            46.30099             1.57651             2.48540               37534             0.47741                   0                   1
                   3                  30               78620             1.00000             0.80000             0.40000             1.00000            46.05290             1.52654             2.33034               60939             0.77511                   1                   1
                   3                  30               83150             1.00000             1.20000             0.40000             1.00000            46.29069             1.58486             2.51180               39634             0.47666                   0                   1
                   3                  30               83150             1.00000             0.80000             0.40000             1.00000            46.06716             1.52386             2.32213               64432             0.77489                   1                   1
                   3                  30               87940             1.00000             1.20000             0.40000             1.00000            46.28941             1.58949             2.52647               41888             0.47632                   0                   1
                   3                  30               87940             1.00000             0.80000             0.40000             1.00000            46.07144             1.52608             2.32893               68171             0.77520                   1                   1
                   3                  30               93006             1.00000             1.20000             0.40000             1.00000            46.28252             1.58344             2.50728               44321             0.47654                   0                   1
                   3                  30               93006             1.00000             0.80000             0.40000             1.00000            46.07369             1.52686             2.33130               72072             0.77492                   1                   1
                   3                  30               98365             1.00000             1.20000             0.40000             1.00000            46.26885             1.59054             2.52983               46865             0.47644                   0                   1
                   3                  30               98365             1.00000             0.80000             0.40000             1.00000            46.10817             1.53866             2.36748               76289             0.77557                   1                   1
                   3                  30              104031             1.00000             1.20000             0.40000             1.00000            46.29215             1.58410             2.50938               49548             0.47628                   0                   1
                   3                  30              104031             1.00000             0.80000             0.40000             1.00000            46.10766             1.54531             2.38800               80693             0.77566                   1                   1
                   3                  30              110025             1.00000             1.20000             0.40000             1.00000            46.28354             1.57684             2.48644               52327             0.47559                   0                   1
                   3                  30              110025             1.00000             0.80000             0.40000             1.00000            46.11470             1.54077             2.37397               85364             0.77586                   1                   1
                   3                  30              116363             1.00000             1.20000             0.40000             1.00000            46.26717             1.57127             2.46890               55277             0.47504                   0                   1
                   3                  30              116363             1.00000             0.80000             0.40000             1.00000            46.11979             1.53489             2.35588               90251             0.77560                   1                   1
                   3                  30              123067             1.00000             1.20000             0.40000             1.00000            46.26730             1.56763             2.45747               58510             0.47543                   0                   1
                   3                  30              123067             1.00000             0.80000             0.40000             1.00000            46.12644             1.53505             2.35638               95538             0.77631                   1                   1
                   3                  30              130157             1.00000             1.20000             0.40000             1.00000            46.29289             1.56289             2.44264               61849             0.47519                   0                   1
                   3                  30              130157             1.00000             0.80000             0.40000             1.00000            46.12758             1.52989             2.34058              101029             0.77621                   1                   1
                   3                  30              137655             1.00000             1.20000             0.40000             1.00000            46.27140             1.57534             2.48171               65391             0.47504                   0                   1
                   3                  30              137655             1.00000             0.80000             0.40000             1.00000            46.11479             1.52215             2.31693              106819             0.77599                   1                   1
                   3                  30              145586             1.00000             1.20000             0.40000             1.00000            46.24470             1.57468             2.47962               69182             0.47520                   0                   1
                   3                  30              145586             1.00000             0.80000             0.40000             1.00000            46.10929             1.52061             2.31224              112951             0.77584                   1                   1
                   3                  30              153973             1.00000             1.20000             0.40000             1.00000            46.23510             1.57692             2.48667               73234             0.47563                   0                   1
                   3                  30              153973             1.00000             0.80000             0.40000             1.00000            46.13100             1.53003             2.34098              119503             0.77613                   1                   1
                   3                  30              162844             1.00000             1.20000             0.40000             1.00000            46.22303             1.57524             2.48139               77376             0.47515                   0                   1
                   3                  30              162844             1.00000             0.80000             0.40000             1.00000            46.15306             1.53796             2.36532              126421             0.77633                   1                   1
                   3                  30              172225             1.00000             1.20000             0.40000             1.00000            46.24578             1.60966             2.59101               81806             0.47499                   0                   1
                   3                  30              172225             1.00000             0.80000             0.40000             1.00000            46.15577             1.53636             2.36040              133667             0.77612                   1                   1
                   3                  30              182147             1.00000             1.20000             0.40000             1.00000            46.23588             1.59212             2.53483               86466             0.47470                   0                   1
                   3                  30              182147             1.00000             0.80000             0.40000             1.00000            46.15583             1.53267             2.34909              141295             0.77572                   1                   1
                   3                  30              192641             1.00000             1.20000             0.40000             1.00000            46.22660             1.58130             2.50052               91484             0.47489                   0                   1
                   3                  30              192641             1.00000             0.80000             0.40000             1.00000            46.14817             1.53485             2.35577              149376             0.77541                   1                   1
                   3                  30              203739             1.00000             1.20000             0.40000             1.00000            46.23506             1.57574             2.48297               96742             0.47483                   0                   1
                   3                  30              203739             1.00000             0.80000             0.40000             1.00000            46.12927             1.53082             2.34340              157935             0.77518                   1                   1
                   3                  30              215476             1.00000             1.20000             0.40000             1.00000            46.20535             1.57404             2.47761              102294             0.47474                   0                   1
                   3                  30              215476             1.00000             0.80000             0.40000             1.00000            46.13325             1.53138             2.34514              167064             0.77533                   1                   1
                   3                  30              227890             1.00000             1.20000             0.40000             1.00000            46.18318             1.56453             2.44774              108172             0.47467                   0                   1
                   3                  30              227890             1.00000             0.80000             0.40000             1.00000            46.12954             1.53043             2.34222              176663             0.77521                   1                   1
                   3                  30              241019             1.00000             1.20000             0.40000             1.00000            46.16494             1.56194             2.43966              114433             0.47479                   0                   1
                   3                  30              241019             1.00000             0.80000             0.40000             1.00000            46.12172             1.52648             2.33015              186856             0.77527                   1                   1
                   3                  30              254904             1.00000             1.20000             0.40000             1.00000            46.15954             1.55408             2.41517              121058             0.47492                   0                   1
                   3                  30              254904             1.00000             0.80000             0.40000             1.00000            46.12555             1.53036             2.34199              197689             0.77554                   1                   1
                   3                  30              269589             1.00000             1.20000             0.40000             1.00000            46.14494             1.55739             2.42546              128135             0.47530                   0                   1
                   3                  30              269589             1.00000             0.80000             0.40000             1.00000            46.12202             1.52949             2.33933              208950             0.77507                   1                   1
                   3                  30              285120             1.00000             1.20000             0.40000             1.00000            46.14850             1.55632             2.42213              135629             0.47569                   0                   1
                   3                  30              285120             1.00000             0.80000             0.40000             1.00000            46.12022             1.52889             2.33751              220933             0.77488                   1                   1
                   3                  30              301546             1.00000             1.20000             0.40000             1.00000            46.13762             1.54581             2.38954              143425             0.47563                   0                   1
                   3                  30              301546             1.00000             0.80000             0.40000             1.00000            46.12090             1.52166             2.31544              233623             0.77475                   1                   1
                   3                  30              318918             1.00000             1.20000             0.40000             1.00000            46.13466             1.54200             2.37775              151599             0.47535                   0                   1
                   3                  30              318918             1.00000             0.80000             0.40000             1.00000            46.13533             1.52017             2.31091              247136             0.77492                   1                   1
                   3                  30              337291             1.00000             1.20000             0.40000             1.00000            46.13714             1.54006             2.37178              160412             0.47559                   0                   1
                   3                  30              337291             1.00000             0.80000             0.40000             1.00000            46.13734             1.51473             2.29441              261369             0.77491                   1                   1
                   3                  30              356722             1.00000             1.20000             0.40000             1.00000            46.12288             1.54145             2.37607              169657             0.47560                   0                   1
                   3                  30              356722             1.00000             0.80000             0.40000             1.00000            46.13715             1.51130             2.28404              276357             0.77471                   1                   1
                   3                  30              377273             1.00000             1.20000             0.40000             1.00000            46.12947             1.53946             2.36993              179387             0.47548                   0                   1
                   3                  30              377273             1.00000             0.80000             0.40000             1.00000            46.14062             1.51323             2.28985              292342             0.77488                   1                   1
                   3                  30              399008             1.00000             1.20000             0.40000             1.00000            46.14562             1.54623             2.39082              189716             0.47547                   0                   1
                   3                  30              399008             1.00000             0.80000             0.40000             1.00000            46.14000             1.51381             2.29162              309150             0.77480                   1                   1
                   3                  30              421995             1.00000             1.20000             0.40000             1.00000            46.15562             1.53846             2.36686              200633             0.47544                   0                   1
                   3                  30              421995             1.00000             0.80000             0.40000             1.00000            46.14243             1.51217             2.28665              326927             0.77472                   1                   1
                   3                  30              446306             1.00000             1.20000             0.40000             1.00000            46.15031             1.53940             2.36976              212189             0.47543                   0                   1
                   3                  30              446306             1.00000             0.80000             0.40000             1.00000            46.13972             1.51336             2.29025              345689             0.77456                   1                   1
                   3                  30              472018             1.00000             1.20000             0.40000             1.00000            46.15190             1.53858             2.36724              224316             0.47523                   0                   1
                   3                  30              472018             1.00000             0.80000             0.40000             1.00000            46.13413             1.51091             2.28285              365610             0.77457                   1                   1
                   3                  30              499211             1.00000             1.20000             0.40000             1.00000            46.13831             1.53018             2.34146              237199             0.47515                   0                   1
                   3                  30              499211             1.00000             0.80000             0.40000             1.00000            46.13208             1.51190             2.28583              386633             0.77449                   1                   1
                   3                  30              527971             1.00000             1.20000             0.40000             1.00000            46.12872             1.53097             2.34388              250896             0.47521                   0                   1
                   3                  30              527971             1.00000             0.80000             0.40000             1.00000            46.13565             1.51397             2.29211              409014             0.77469                   1                   1
                   3                  30              558388             1.00000             1.20000             0.40000             1.00000            46.12504             1.52914             2.33828              265369             0.47524                   0                   1
                   3                  30              558388             1.00000             0.80000             0.40000             1.00000            46.12928             1.51548             2.29669              432547             0.77464                   1                   1
                   3                  30              590557             1.00000             1.20000             0.40000             1.00000            46.12689             1.52655             2.33037              280690             0.47530                   0                   1
                   3                  30              590557             1.00000             0.80000             0.40000             1.00000            46.13777             1.51162             2.28501              457528             0.77474                   1                   1
                   3                  30              624579             1.00000             1.20000             0.40000             1.00000            46.13745             1.52952             2.33944              296901             0.47536                   0                   1
                   3                  30              624579             1.00000             0.80000             0.40000             1.00000            46.13172             1.51276             2.28845              483650             0.77436                   1                   1
                   3                  30              660561             1.00000             1.20000             0.40000             1.00000            46.13448             1.52588             2.32832              313987             0.47533                   0                   1
                   3                  30              660561             1.00000             0.80000             0.40000             1.00000            46.13146             1.51315             2.28963              511523             0.77438                   1                   1
                   3                  30              698616             1.00000             1.20000             0.40000             1.00000            46.12507             1.52523             2.32633              332036             0.47528                   0                   1
                   3                  30              698616             1.00000             0.80000             0.40000             1.00000            46.12834             1.51214             2.28658              540857             0.77418                   1                   1
                   3                  30              738864             1.00000             1.20000             0.40000             1.00000            46.12907             1.52242             2.31778              351212             0.47534                   0                   1
                   3                  30              738864             1.00000             0.80000             0.40000             1.00000            46.13288             1.51479             2.29458              572091             0.77428                   1                   1
                   3                  30              781430             1.00000             1.20000             0.40000             1.00000            46.12738             1.52525             2.32640              371639             0.47559                   0                   1
                   3                  30              781430             1.00000             0.80000             0.40000             1.00000            46.12872             1.51139             2.28429              604978             0.77419                   1                   1
                   3                  30              826448             1.00000             1.20000             0.40000             1.00000            46.13910             1.52764             2.33367              393139             0.47570                   0                   1
                   3                  30              826448             1.00000             0.80000             0.40000             1.00000            46.12915             1.51411             2.29254              639986             0.77438                   1                   1
                   3                  30              874060             1.00000             1.20000             0.40000             1.00000            46.14168             1.52454             2.32422              415652             0.47554                   0                   1
                   3                  30              874060             1.00000             0.80000             0.40000             1.00000            46.13721             1.51413             2.29260              676917             0.77445                   1                   1
                   3                  30              924415             1.00000             1.20000             0.40000             1.00000            46.13633             1.52491             2.32536              439382             0.47531                   0                   1
                   3                  30              924415             1.00000             0.80000             0.40000             1.00000            46.14286             1.51352             2.29074              716098             0.77465                   1                   1
                   3                  30              977671             1.00000             1.20000             0.40000             1.00000            46.15198             1.52776             2.33405              464896             0.47551                   0                   1
                   3                  30              977671             1.00000             0.80000             0.40000             1.00000            46.14091             1.51312             2.28954              757282             0.77458                   1                   1
                   3                  30             1033995             1.00000             1.20000             0.40000             1.00000            46.15154             1.52837             2.33593              491656             0.47549                   0                   1
                   3                  30             1033995             1.00000             0.80000             0.40000             1.00000            46.13835             1.51288             2.28881              800925             0.77459                   1                   1
                   3                  30             1093563             1.00000             1.20000             0.40000             1.00000            46.14493             1.52830             2.33569              519853             0.47538                   0                   1
                   3                  30             1093563             1.00000             0.80000             0.40000             1.00000            46.13915             1.51120             2.28372              847097             0.77462                   1                   1
                   3                  30             1156564             1.00000             1.20000             0.40000             1.00000            46.12861             1.52283             2.31902              549776             0.47535                   0                   1
                   3                  30             1156564             1.00000             0.80000             0.40000             1.00000            46.13907             1.51277             2.28847              895813             0.77455                   1                   1
                   3                  30             1223194             1.00000             1.20000             0.40000             1.00000            46.13072             1.52443             2.32390              581497             0.47539                   0                   1
                   3                  30             1223194             1.00000             0.80000             0.40000             1.00000            46.14267             1.51323             2.28987              947295             0.77444                   1                   1
                   3                  30             1293662             1.00000             1.20000             0.40000             1.00000            46.13516             1.53085             2.34350              614874             0.47530                   0                   1
                   3                  30             1293662             1.00000             0.80000             0.40000             1.00000            46.14240             1.51291             2.28891             1001920             0.77448                   1                   1
                   3                  30             1368191             1.00000             1.20000             0.40000             1.00000            46.13053             1.52979             2.34026              650100             0.47515                   0                   1
                   3                  30             1368191             1.00000             0.80000             0.40000             1.00000            46.14163             1.51466             2.29419             1059721             0.77454                   1                   1
                   3                  30             1447013             1.00000             1.20000             0.40000             1.00000            46.13255             1.53045             2.34229              687480             0.47510                   0                   1
                   3                  30             1447013             1.00000             0.80000             0.40000             1.00000            46.13742             1.51156             2.28480             1120909             0.77464                   1                   1
                   3                  30             1530375             1.00000             1.20000             0.40000             1.00000            46.12907             1.52730             2.33264              727309             0.47525                   0                   1
                   3                  30             1530375             1.00000             0.80000             0.40000             1.00000            46.13549             1.51118             2.28366             1185235             0.77447                   1                   1
                   3                  30             1618541             1.00000             1.20000             0.40000             1.00000            46.13045             1.52589             2.32834              769340             0.47533                   0                   1
                   3                  30             1618541             1.00000             0.80000             0.40000             1.00000            46.13686             1.50981             2.27954             1253366             0.77438                   1                   1
                   3                  30             1711785             1.00000             1.20000             0.40000             1.00000            46.13079             1.52446             2.32397              813379             0.47516                   0                   1
                   3                  30             1711785             1.00000             0.80000             0.40000             1.00000            46.13719             1.50905             2.27725             1325490             0.77433                   1                   1
                   3                  30             1810402             1.00000             1.20000             0.40000             1.00000            46.12517             1.52237             2.31762              860174             0.47513                   0                   1
                   3                  30             1810402             1.00000             0.80000             0.40000             1.00000            46.14102             1.50923             2.27778             1401898             0.77436                   1                   1
                   3                  30             1914699             1.00000             1.20000             0.40000             1.00000            46.12661             1.52468             2.32465              909563             0.47504                   0                   1
                   3                  30             1914699             1.00000             0.80000             0.40000             1.00000            46.14221             1.51043             2.28139             1482784             0.77442                   1                   1
                   3                  30             2025006             1.00000             1.20000             0.40000             1.00000            46.13514             1.52325             2.32029              962136             0.47513                   0                   1
                   3                  30             2025006             1.00000             0.80000             0.40000             1.00000            46.14809             1.51255             2.28780             1568280             0.77446                   1                   1
                   3                  30             2141667             1.00000             1.20000             0.40000             1.00000            46.12848             1.52234             2.31751             1017762             0.47522                   0                   1
                   3                  30             2141667             1.00000             0.80000             0.40000             1.00000            46.14549             1.51280             2.28856             1658408             0.77435                   1                   1
                   3                  30             2265049             1.00000             1.20000             0.40000             1.00000            46.13342             1.52367             2.32156             1076353             0.47520                   0                   1
                   3                  30             2265049             1.00000             0.80000             0.40000             1.00000            46.14378             1.51428             2.29303             1753961             0.77436                   1                   1
                   3                  30             2395539             1.00000             1.20000             0.40000             1.00000            46.12269             1.51933             2.30835             1138493             0.47526                   0                   1
                   3                  30             2395539             1.00000             0.80000             0.40000             1.00000            46.14139             1.51618             2.29879             1855004             0.77436                   1                   1
                   3                  30             2533547             1.00000             1.20000             0.40000             1.00000            46.11828             1.51871             2.30648             1204031             0.47524                   0                   1
                   3                  30             2533547             1.00000             0.80000             0.40000             1.00000            46.14209             1.51438             2.29335             1962053             0.77443                   1                   1
                   3                  30             2679505             1.00000             1.20000             0.40000             1.00000            46.11664             1.51653             2.29986             1273492             0.47527                   0                   1
                   3                  30             2679505             1.00000             0.80000             0.40000             1.00000            46.14357             1.51372             2.29134             2074737             0.77430                   1                   1
                   3                  30             2833872             1.00000             1.20000             0.40000             1.00000            46.12097             1.51686             2.30087             1346624             0.47519                   0                   1
                   3                  30             2833872             1.00000             0.80000             0.40000             1.00000            46.14588             1.51434             2.29324             2194340             0.77433                   1                   1
                   3                  30             2997132             1.00000             1.20000             0.40000             1.00000            46.11738             1.51763             2.30319             1424371             0.47524                   0                   1
                   3                  30             2997132             1.00000             0.80000             0.40000             1.00000            46.14462             1.51418             2.29274             2320678             0.77430                   1                   1
                   3                  30             3169798             1.00000             1.20000             0.40000             1.00000            46.12352             1.51774             2.30353             1506632             0.47531                   0                   1
                   3                  30             3169798             1.00000             0.80000             0.40000             1.00000            46.14114             1.51528             2.29609             2454409             0.77431                   1                   1
                   3                  30             3352411             1.00000             1.20000             0.40000             1.00000            46.11838             1.51539             2.29640             1593471             0.47532                   0                   1
                   3                  30             3352411             1.00000             0.80000             0.40000             1.00000            46.14025             1.51467             2.29422             2595738             0.77429                   1                   1
                   3                  30             3545544             1.00000             1.20000             0.40000             1.00000            46.12210             1.51700             2.30130             1685226             0.47531                   0                   1
                   3                  30             3545544             1.00000             0.80000             0.40000             1.00000            46.13787             1.51381             2.29163             2745018             0.77422                   1                   1
                   3                  30             3749804             1.00000             1.20000             0.40000             1.00000            46.12102             1.51764             2.30323             1782576             0.47538                   0                   1
                   3                  30             3749804             1.00000             0.80000             0.40000             1.00000            46.13830             1.51337             2.29029             2903338             0.77426                   1                   1
                   3                  30             3965831             1.00000             1.20000             0.40000             1.00000            46.12036             1.51942             2.30863             1885184             0.47536                   0                   1
                   3                  30             3965831             1.00000             0.80000             0.40000             1.00000            46.13421             1.51306             2.28936             3070528             0.77425                   1                   1
                   3                  30             4194304             1.00000             1.20000             0.40000             1.00000            46.11871             1.52084             2.31296             1993636             0.47532                   0                   1
                   3                  30             4194304             1.00000             0.80000             0.40000             1.00000            46.13318             1.51339             2.29035             3247191             0.77419                   1                   1
