          Dimensions           Particles         Metro-steps            Eq-steps          StepLength                Time          Analytical              Energy          Energy_std
                   3                   1                8192                  16             0.20000                7274                   1             1.49001             0.16619
                   3                   1                8192                  32             0.20000                9619                   0             1.49007             0.16616
                   3                   1                8192                  16             0.20000                8074                   1             1.49001             0.16619
                   3                   1                8192                  32             0.20000               12088                   0             1.49007             0.16616
                   3                   1                8192                  16             0.20000                7499                   1             1.49001             0.16619
                   3                   1                8192                  32             0.20000                9742                   0             1.49007             0.16616
                   3                   1                8192                  16             0.20000                7286                   1             1.49001             0.16619
                   3                   1                8192                  32             0.20000                9120                   0             1.49007             0.16616
                   3                   1                8192                  16             0.20000                7205                   1             1.49001             0.16619
                   3                   1                8192                  32             0.20000                9048                   0             1.49007             0.16616
                   3                   1                8192                  16             0.20000                7357                   1             1.49001             0.16619
                   3                   1                8192                  32             0.20000               10299                   0             1.49007             0.16616
                   3                   1                8192                  16             0.20000                7309                   1             1.49001             0.16619
                   3                   1                8192                  32             0.20000                9203                   0             1.49007             0.16616
                   3                   1                8192                  16             0.20000                7271                   1             1.49001             0.16619
                   3                   1                8192                  32             0.20000                9067                   0             1.49007             0.16616
                   3                   1                8192                  16             0.20000                7867                   1             1.49001             0.16619
                   3                   1                8192                  32             0.20000                9580                   0             1.49007             0.16616
                   3                   1                8192                  16             0.20000                7176                   1             1.49001             0.16619
                   3                   1                8192                  32             0.20000                9075                   0             1.49007             0.16616
                   3                   2               16384                  16             0.20000               18302                   1             3.00137             0.23570
                   3                   2               16384                  32             0.20000               24713                   0             3.00142             0.23565
                   3                   2               16384                  16             0.20000               17420                   1             3.00137             0.23570
                   3                   2               16384                  32             0.20000               24492                   0             3.00142             0.23565
                   3                   2               16384                  16             0.20000               17192                   1             3.00137             0.23570
                   3                   2               16384                  32             0.20000               25279                   0             3.00142             0.23565
                   3                   2               16384                  16             0.20000               17242                   1             3.00137             0.23570
                   3                   2               16384                  32             0.20000               25246                   0             3.00142             0.23565
                   3                   2               16384                  16             0.20000               17081                   1             3.00137             0.23570
                   3                   2               16384                  32             0.20000               24640                   0             3.00142             0.23565
                   3                   2               16384                  16             0.20000               17134                   1             3.00137             0.23570
                   3                   2               16384                  32             0.20000               24471                   0             3.00142             0.23565
                   3                   2               16384                  16             0.20000               17283                   1             3.00137             0.23570
                   3                   2               16384                  32             0.20000               24611                   0             3.00142             0.23565
                   3                   2               16384                  16             0.20000               17944                   1             3.00137             0.23570
                   3                   2               16384                  32             0.20000               24688                   0             3.00142             0.23565
                   3                   2               16384                  16             0.20000               17618                   1             3.00137             0.23570
                   3                   2               16384                  32             0.20000               24853                   0             3.00142             0.23565
                   3                   2               16384                  16             0.20000               17217                   1             3.00137             0.23570
                   3                   2               16384                  32             0.20000               24928                   0             3.00142             0.23565
                   3                   3               24576                  16             0.20000               30754                   1             4.50729             0.30744
                   3                   3               24576                  32             0.20000               46468                   0             4.50762             0.30714
                   3                   3               24576                  16             0.20000               30530                   1             4.50729             0.30744
                   3                   3               24576                  32             0.20000               47477                   0             4.50762             0.30714
                   3                   3               24576                  16             0.20000               29574                   1             4.50729             0.30744
                   3                   3               24576                  32             0.20000               46883                   0             4.50762             0.30714
                   3                   3               24576                  16             0.20000               29316                   1             4.50729             0.30744
                   3                   3               24576                  32             0.20000               47249                   0             4.50762             0.30714
                   3                   3               24576                  16             0.20000               29923                   1             4.50729             0.30744
                   3                   3               24576                  32             0.20000               48634                   0             4.50762             0.30714
                   3                   3               24576                  16             0.20000               29331                   1             4.50729             0.30744
                   3                   3               24576                  32             0.20000               46720                   0             4.50762             0.30714
                   3                   3               24576                  16             0.20000               30556                   1             4.50729             0.30744
                   3                   3               24576                  32             0.20000               47606                   0             4.50762             0.30714
                   3                   3               24576                  16             0.20000               29615                   1             4.50729             0.30744
                   3                   3               24576                  32             0.20000               47123                   0             4.50762             0.30714
                   3                   3               24576                  16             0.20000               29511                   1             4.50729             0.30744
                   3                   3               24576                  32             0.20000               48214                   0             4.50762             0.30714
                   3                   3               24576                  16             0.20000               29985                   1             4.50729             0.30744
                   3                   3               24576                  32             0.20000               46932                   0             4.50762             0.30714
                   3                   4               32768                  16             0.20000               45612                   1             6.02882             0.34812
                   3                   4               32768                  32             0.20000               77604                   0             6.02926             0.34789
                   3                   4               32768                  16             0.20000               44592                   1             6.02882             0.34812
                   3                   4               32768                  32             0.20000               75822                   0             6.02926             0.34789
                   3                   4               32768                  16             0.20000               44254                   1             6.02882             0.34812
                   3                   4               32768                  32             0.20000               77673                   0             6.02926             0.34789
                   3                   4               32768                  16             0.20000               45644                   1             6.02882             0.34812
                   3                   4               32768                  32             0.20000               79297                   0             6.02926             0.34789
                   3                   4               32768                  16             0.20000               46104                   1             6.02882             0.34812
                   3                   4               32768                  32             0.20000               78794                   0             6.02926             0.34789
                   3                   4               32768                  16             0.20000               52783                   1             6.02882             0.34812
                   3                   4               32768                  32             0.20000               79526                   0             6.02926             0.34789
                   3                   4               32768                  16             0.20000               45562                   1             6.02882             0.34812
                   3                   4               32768                  32             0.20000               75848                   0             6.02926             0.34789
                   3                   4               32768                  16             0.20000               45435                   1             6.02882             0.34812
                   3                   4               32768                  32             0.20000               77421                   0             6.02926             0.34789
                   3                   4               32768                  16             0.20000               45445                   1             6.02882             0.34812
                   3                   4               32768                  32             0.20000               77446                   0             6.02926             0.34789
                   3                   4               32768                  16             0.20000               46075                   1             6.02882             0.34812
                   3                   4               32768                  32             0.20000               79834                   0             6.02926             0.34789
                   3                   5               40959                  16             0.20000               65986                   1             7.51471             0.37695
                   3                   5               40959                  32             0.20000              112896                   0             7.51495             0.37671
                   3                   5               40959                  16             0.20000               66504                   1             7.51471             0.37695
                   3                   5               40959                  32             0.20000              116377                   0             7.51495             0.37671
                   3                   5               40959                  16             0.20000               65078                   1             7.51471             0.37695
                   3                   5               40959                  32             0.20000              123505                   0             7.51495             0.37671
                   3                   5               40959                  16             0.20000               69744                   1             7.51471             0.37695
                   3                   5               40959                  32             0.20000              122005                   0             7.51495             0.37671
                   3                   5               40959                  16             0.20000               70617                   1             7.51471             0.37695
                   3                   5               40959                  32             0.20000              121835                   0             7.51495             0.37671
                   3                   5               40959                  16             0.20000               67105                   1             7.51471             0.37695
                   3                   5               40959                  32             0.20000              120836                   0             7.51495             0.37671
                   3                   5               40959                  16             0.20000               66154                   1             7.51471             0.37695
                   3                   5               40959                  32             0.20000              117666                   0             7.51495             0.37671
                   3                   5               40959                  16             0.20000               66469                   1             7.51471             0.37695
                   3                   5               40959                  32             0.20000              116911                   0             7.51495             0.37671
                   3                   5               40959                  16             0.20000               66100                   1             7.51471             0.37695
                   3                   5               40959                  32             0.20000              117135                   0             7.51495             0.37671
                   3                   5               40959                  16             0.20000               66912                   1             7.51471             0.37695
                   3                   5               40959                  32             0.20000              118556                   0             7.51495             0.37671
                   3                  10               81919                  16             0.20000              205607                   1            15.11623             0.54993
                   3                  10               81919                  32             0.20000              392455                   0            15.11661             0.54944
                   3                  10               81919                  16             0.20000              197818                   1            15.11623             0.54993
                   3                  10               81919                  32             0.20000              414529                   0            15.11661             0.54944
                   3                  10               81919                  16             0.20000              204060                   1            15.11623             0.54993
                   3                  10               81919                  32             0.20000              424540                   0            15.11661             0.54944
                   3                  10               81919                  16             0.20000              206427                   1            15.11623             0.54993
                   3                  10               81919                  32             0.20000              406589                   0            15.11661             0.54944
                   3                  10               81919                  16             0.20000              202388                   1            15.11623             0.54993
                   3                  10               81919                  32             0.20000              407515                   0            15.11661             0.54944
                   3                  10               81919                  16             0.20000              218571                   1            15.11623             0.54993
                   3                  10               81919                  32             0.20000              400472                   0            15.11661             0.54944
                   3                  10               81919                  16             0.20000              208299                   1            15.11623             0.54993
                   3                  10               81919                  32             0.20000              398395                   0            15.11661             0.54944
                   3                  10               81919                  16             0.20000              211124                   1            15.11623             0.54993
                   3                  10               81919                  32             0.20000              389032                   0            15.11661             0.54944
                   3                  10               81919                  16             0.20000              200314                   1            15.11623             0.54993
                   3                  10               81919                  32             0.20000              442945                   0            15.11661             0.54944
                   3                  10               81919                  16             0.20000              199227                   1            15.11623             0.54993
                   3                  10               81919                  32             0.20000              424202                   0            15.11661             0.54944
                   3                  15              122880                  16             0.20000              414178                   1            22.85954             0.72994
                   3                  15              122880                  32             0.20000              960078                   0            22.85988             0.72924
                   3                  15              122880                  16             0.20000              416758                   1            22.85954             0.72994
                   3                  15              122880                  32             0.20000              916914                   0            22.85988             0.72924
                   3                  15              122880                  16             0.20000              500769                   1            22.85954             0.72994
                   3                  15              122880                  32             0.20000              924811                   0            22.85988             0.72924
                   3                  15              122880                  16             0.20000              437395                   1            22.85954             0.72994
                   3                  15              122880                  32             0.20000              879371                   0            22.85988             0.72924
                   3                  15              122880                  16             0.20000              429443                   1            22.85954             0.72994
                   3                  15              122880                  32             0.20000              857080                   0            22.85988             0.72924
                   3                  15              122880                  16             0.20000              402360                   1            22.85954             0.72994
                   3                  15              122880                  32             0.20000              919176                   0            22.85988             0.72924
                   3                  15              122880                  16             0.20000              407408                   1            22.85954             0.72994
                   3                  15              122880                  32             0.20000              906116                   0            22.85988             0.72924
                   3                  15              122880                  16             0.20000              399314                   1            22.85954             0.72994
                   3                  15              122880                  32             0.20000              854949                   0            22.85988             0.72924
                   3                  15              122880                  16             0.20000              394446                   1            22.85954             0.72994
                   3                  15              122880                  32             0.20000              881378                   0            22.85988             0.72924
                   3                  15              122880                  16             0.20000              440031                   1            22.85954             0.72994
                   3                  15              122880                  32             0.20000              855969                   0            22.85988             0.72924
                   3                  20              163839                  16             0.20000              706615                   1            30.47991             0.86897
                   3                  20              163839                  32             0.20000             1451268                   0            30.48032             0.86815
                   3                  20              163839                  16             0.20000              706297                   1            30.47991             0.86897
                   3                  20              163839                  32             0.20000             1462869                   0            30.48032             0.86815
                   3                  20              163839                  16             0.20000              723273                   1            30.47991             0.86897
                   3                  20              163839                  32             0.20000             1453900                   0            30.48032             0.86815
                   3                  20              163839                  16             0.20000              721213                   1            30.47991             0.86897
                   3                  20              163839                  32             0.20000             1495016                   0            30.48032             0.86815
                   3                  20              163839                  16             0.20000              662509                   1            30.47991             0.86897
                   3                  20              163839                  32             0.20000             1479014                   0            30.48032             0.86815
                   3                  20              163839                  16             0.20000              701650                   1            30.47991             0.86897
                   3                  20              163839                  32             0.20000             1468313                   0            30.48032             0.86815
                   3                  20              163839                  16             0.20000              662553                   1            30.47991             0.86897
                   3                  20              163839                  32             0.20000             1489242                   0            30.48032             0.86815
                   3                  20              163839                  16             0.20000              674951                   1            30.47991             0.86897
                   3                  20              163839                  32             0.20000             1629289                   0            30.48032             0.86815
                   3                  20              163839                  16             0.20000              659257                   1            30.47991             0.86897
                   3                  20              163839                  32             0.20000             1650275                   0            30.48032             0.86815
                   3                  20              163839                  16             0.20000              664113                   1            30.47991             0.86897
                   3                  20              163839                  32             0.20000             1528713                   0            30.48032             0.86815
                   3                  25              204799                  16             0.20000             1037196                   1            37.95604             0.92494
                   3                  25              204799                  32             0.20000             2306775                   0            37.95636             0.92400
                   3                  25              204799                  16             0.20000             1039861                   1            37.95604             0.92494
                   3                  25              204799                  32             0.20000             2732624                   0            37.95636             0.92400
                   3                  25              204799                  16             0.20000             1138502                   1            37.95604             0.92494
                   3                  25              204799                  32             0.20000             2379396                   0            37.95636             0.92400
                   3                  25              204799                  16             0.20000             1129820                   1            37.95604             0.92494
                   3                  25              204799                  32             0.20000             2359573                   0            37.95636             0.92400
                   3                  25              204799                  16             0.20000             1168282                   1            37.95604             0.92494
                   3                  25              204799                  32             0.20000             2613054                   0            37.95636             0.92400
                   3                  25              204799                  16             0.20000             1185908                   1            37.95604             0.92494
                   3                  25              204799                  32             0.20000             2663352                   0            37.95636             0.92400
                   3                  25              204799                  16             0.20000             1018461                   1            37.95604             0.92494
                   3                  25              204799                  32             0.20000             2616505                   0            37.95636             0.92400
                   3                  25              204799                  16             0.20000             1191533                   1            37.95604             0.92494
                   3                  25              204799                  32             0.20000             2394865                   0            37.95636             0.92400
                   3                  25              204799                  16             0.20000             1123286                   1            37.95604             0.92494
                   3                  25              204799                  32             0.20000             2723052                   0            37.95636             0.92400
                   3                  25              204799                  16             0.20000             1142392                   1            37.95604             0.92494
                   3                  25              204799                  32             0.20000             2451598                   0            37.95636             0.92400
                   3                  30              245760                  16             0.20000             1555125                   1            45.60958             1.06823
                   3                  30              245760                  32             0.20000             4271323                   0            45.60998             1.06718
                   3                  30              245760                  16             0.20000             1462460                   1            45.60958             1.06823
                   3                  30              245760                  32             0.20000             3919777                   0            45.60998             1.06718
                   3                  30              245760                  16             0.20000             1737648                   1            45.60958             1.06823
                   3                  30              245760                  32             0.20000             3407409                   0            45.60998             1.06718
                   3                  30              245760                  16             0.20000             1585192                   1            45.60958             1.06823
                   3                  30              245760                  32             0.20000             3422468                   0            45.60998             1.06718
                   3                  30              245760                  16             0.20000             1584992                   1            45.60958             1.06823
                   3                  30              245760                  32             0.20000             3888373                   0            45.60998             1.06718
                   3                  30              245760                  16             0.20000             1595823                   1            45.60958             1.06823
                   3                  30              245760                  32             0.20000             3474527                   0            45.60998             1.06718
                   3                  30              245760                  16             0.20000             1892459                   1            45.60958             1.06823
                   3                  30              245760                  32             0.20000             4025878                   0            45.60998             1.06718
                   3                  30              245760                  16             0.20000             1703693                   1            45.60958             1.06823
                   3                  30              245760                  32             0.20000             3969181                   0            45.60998             1.06718
                   3                  30              245760                  16             0.20000             1649615                   1            45.60958             1.06823
                   3                  30              245760                  32             0.20000             3565678                   0            45.60998             1.06718
                   3                  30              245760                  16             0.20000             1746218                   1            45.60958             1.06823
                   3                  30              245760                  32             0.20000             4349739                   0            45.60998             1.06718
                   3                  40              327679                  16             0.20000             2803115                   1            60.85187             1.30358
                   3                  40              327679                  32             0.20000             6838166                   0            60.85219             1.30245
                   3                  40              327679                  16             0.20000             2769156                   1            60.85187             1.30358
                   3                  40              327679                  32             0.20000             6585824                   0            60.85219             1.30245
                   3                  40              327679                  16             0.20000             2904418                   1            60.85187             1.30358
                   3                  40              327679                  32             0.20000             6218703                   0            60.85219             1.30245
                   3                  40              327679                  16             0.20000             2997094                   1            60.85187             1.30358
                   3                  40              327679                  32             0.20000             6459797                   0            60.85219             1.30245
                   3                  40              327679                  16             0.20000             2877688                   1            60.85187             1.30358
                   3                  40              327679                  32             0.20000             7405871                   0            60.85219             1.30245
                   3                  40              327679                  16             0.20000             2930884                   1            60.85187             1.30358
                   3                  40              327679                  32             0.20000             6680986                   0            60.85219             1.30245
                   3                  40              327679                  16             0.20000             2706227                   1            60.85187             1.30358
                   3                  40              327679                  32             0.20000             7863145                   0            60.85219             1.30245
                   3                  40              327679                  16             0.20000             2796900                   1            60.85187             1.30358
                   3                  40              327679                  32             0.20000             6871480                   0            60.85219             1.30245
                   3                  40              327679                  16             0.20000             2781013                   1            60.85187             1.30358
                   3                  40              327679                  32             0.20000             6574185                   0            60.85219             1.30245
                   3                  40              327679                  16             0.20000             2787417                   1            60.85187             1.30358
                   3                  40              327679                  32             0.20000             6978020                   0            60.85219             1.30245
                   3                  50              409599                  16             0.20000             4220644                   1            75.79084             1.35127
                   3                  50              409599                  32             0.20000             9816161                   0            75.79117             1.34995
                   3                  50              409599                  16             0.20000             5398838                   1            75.79084             1.35127
                   3                  50              409599                  32             0.20000            10264932                   0            75.79117             1.34995
                   3                  50              409599                  16             0.20000             4231285                   1            75.79084             1.35127
                   3                  50              409599                  32             0.20000            10141061                   0            75.79117             1.34995
                   3                  50              409599                  16             0.20000             4615284                   1            75.79084             1.35127
                   3                  50              409599                  32             0.20000            11209054                   0            75.79117             1.34995
                   3                  50              409599                  16             0.20000             4463118                   1            75.79084             1.35127
                   3                  50              409599                  32             0.20000            10278052                   0            75.79117             1.34995
                   3                  50              409599                  16             0.20000             4973638                   1            75.79084             1.35127
                   3                  50              409599                  32             0.20000             9809770                   0            75.79117             1.34995
                   3                  50              409599                  16             0.20000             4241650                   1            75.79084             1.35127
                   3                  50              409599                  32             0.20000            10307519                   0            75.79117             1.34995
                   3                  50              409599                  16             0.20000             4487582                   1            75.79084             1.35127
                   3                  50              409599                  32             0.20000            10179044                   0            75.79117             1.34995
                   3                  50              409599                  16             0.20000             3985100                   1            75.79084             1.35127
                   3                  50              409599                  32             0.20000             9866342                   0            75.79117             1.34995
                   3                  50              409599                  16             0.20000             4415160                   1            75.79084             1.35127
                   3                  50              409599                  32             0.20000            10312202                   0            75.79117             1.34995
