          Dimensions           Particles         Metro-steps          StepLength                 WF1                 WF2              Energy          Energy_std          Energy_var             Alpha_0               Epoch               Alpha                Beta
                   3                  10             1048576             0.55000             0.50000             1.00000            15.15207             0.02528             0.00064             0.50000                   0             0.50000             1.00000
                   3                  10             1048576             0.55000             0.49991             1.00000            15.15329             0.02498             0.00062             0.50000                   1             0.49991             1.00000
                   3                  10             1048576             0.55000             0.49982             1.00000            15.15316             0.02460             0.00061             0.50000                   2             0.49982             1.00000
                   3                  10             1048576             0.55000             0.49973             1.00000            15.15282             0.02378             0.00057             0.50000                   3             0.49973             1.00000
                   3                  10             1048576             0.55000             0.49965             1.00000            15.15313             0.02347             0.00055             0.50000                   4             0.49965             1.00000
                   3                  10             1048576             0.55000             0.49957             1.00000            15.15331             0.02319             0.00054             0.50000                   5             0.49957             1.00000
                   3                  10             1048576             0.55000             0.49949             1.00000            15.15278             0.02441             0.00060             0.50000                   6             0.49949             1.00000
                   3                  10             1048576             0.55000             0.49941             1.00000            15.15302             0.02258             0.00051             0.50000                   7             0.49941             1.00000
                   3                  10             1048576             0.55000             0.49934             1.00000            15.15289             0.02204             0.00049             0.50000                   8             0.49934             1.00000
                   3                  10             1048576             0.55000             0.49927             1.00000            15.15308             0.02193             0.00048             0.50000                   9             0.49927             1.00000
                   3                  10             1048576             0.55000             0.49921             1.00000            15.15279             0.02141             0.00046             0.50000                  10             0.49921             1.00000
                   3                  10             1048576             0.55000             0.49914             1.00000            15.15325             0.02104             0.00044             0.50000                  11             0.49914             1.00000
                   3                  10             1048576             0.55000             0.49908             1.00000            15.15248             0.02054             0.00042             0.50000                  12             0.49908             1.00000
                   3                  10             1048576             0.55000             0.49902             1.00000            15.15271             0.02053             0.00042             0.50000                  13             0.49902             1.00000
                   3                  10             1048576             0.55000             0.49896             1.00000            15.15276             0.02069             0.00043             0.50000                  14             0.49896             1.00000
                   3                  10             1048576             0.55000             0.49890             1.00000            15.15265             0.01967             0.00039             0.50000                  15             0.49890             1.00000
                   3                  10             1048576             0.55000             0.49885             1.00000            15.15284             0.01974             0.00039             0.50000                  16             0.49885             1.00000
                   3                  10             1048576             0.55000             0.49880             1.00000            15.15275             0.01943             0.00038             0.50000                  17             0.49880             1.00000
                   3                  10             1048576             0.55000             0.49875             1.00000            15.15285             0.01924             0.00037             0.50000                  18             0.49875             1.00000
                   3                  10             1048576             0.55000             0.49871             1.00000            15.15288             0.01921             0.00037             0.50000                  19             0.49871             1.00000
                   3                  10             1048576             0.55000             0.49866             1.00000            15.15284             0.01915             0.00037             0.50000                  20             0.49866             1.00000
                   3                  10             1048576             0.55000             0.49862             1.00000            15.15250             0.01838             0.00034             0.50000                  21             0.49862             1.00000
                   3                  10             1048576             0.55000             0.49858             1.00000            15.15262             0.01837             0.00034             0.50000                  22             0.49858             1.00000
                   3                  10             1048576             0.55000             0.49854             1.00000            15.15295             0.01873             0.00035             0.50000                  23             0.49854             1.00000
                   3                  10             1048576             0.55000             0.49850             1.00000            15.15292             0.01884             0.00035             0.50000                  24             0.49850             1.00000
                   3                  10             1048576             0.55000             0.49846             1.00000            15.15293             0.01830             0.00033             0.50000                  25             0.49846             1.00000
                   3                  10             1048576             0.55000             0.49843             1.00000            15.15278             0.01853             0.00034             0.50000                  26             0.49843             1.00000
                   3                  10             1048576             0.55000             0.49839             1.00000            15.15290             0.01810             0.00033             0.50000                  27             0.49839             1.00000
                   3                  10             1048576             0.55000             0.49836             1.00000            15.15271             0.02054             0.00042             0.50000                  28             0.49836             1.00000
                   3                  10             1048576             0.55000             0.49833             1.00000            15.15305             0.01851             0.00034             0.50000                  29             0.49833             1.00000
                   3                  10             1048576             0.55000             0.49830             1.00000            15.15285             0.01772             0.00031             0.50000                  30             0.49830             1.00000
                   3                  10             1048576             0.55000             0.49827             1.00000            15.15289             0.01804             0.00033             0.50000                  31             0.49827             1.00000
                   3                  10             1048576             0.55000             0.49824             1.00000            15.15271             0.01745             0.00030             0.50000                  32             0.49824             1.00000
                   3                  10             1048576             0.55000             0.49821             1.00000            15.15255             0.01739             0.00030             0.50000                  33             0.49821             1.00000
                   3                  10             1048576             0.55000             0.49819             1.00000            15.15271             0.01728             0.00030             0.50000                  34             0.49819             1.00000
                   3                  10             1048576             0.55000             0.49816             1.00000            15.15292             0.01730             0.00030             0.50000                  35             0.49816             1.00000
                   3                  10             1048576             0.55000             0.49814             1.00000            15.15278             0.01710             0.00029             0.50000                  36             0.49814             1.00000
                   3                  10             1048576             0.55000             0.49812             1.00000            15.15284             0.01729             0.00030             0.50000                  37             0.49812             1.00000
                   3                  10             1048576             0.55000             0.49809             1.00000            15.15310             0.01715             0.00029             0.50000                  38             0.49809             1.00000
                   3                  10             1048576             0.55000             0.49807             1.00000            15.15281             0.01728             0.00030             0.50000                  39             0.49807             1.00000
                   3                  10             1048576             0.55000             0.49805             1.00000            15.15295             0.01686             0.00028             0.50000                  40             0.49805             1.00000
                   3                  10             1048576             0.55000             0.49803             1.00000            15.15293             0.01787             0.00032             0.50000                  41             0.49803             1.00000
                   3                  10             1048576             0.55000             0.49801             1.00000            15.15268             0.01692             0.00029             0.50000                  42             0.49801             1.00000
                   3                  10             1048576             0.55000             0.49799             1.00000            15.15278             0.01678             0.00028             0.50000                  43             0.49799             1.00000
                   3                  10             1048576             0.55000             0.49798             1.00000            15.15290             0.01752             0.00031             0.50000                  44             0.49798             1.00000
                   3                  10             1048576             0.55000             0.49796             1.00000            15.15277             0.01706             0.00029             0.50000                  45             0.49796             1.00000
                   3                  10             1048576             0.55000             0.49794             1.00000            15.15264             0.01745             0.00030             0.50000                  46             0.49794             1.00000
                   3                  10             1048576             0.55000             0.49793             1.00000            15.15278             0.01681             0.00028             0.50000                  47             0.49793             1.00000
                   3                  10             1048576             0.55000             0.49791             1.00000            15.15285             0.01684             0.00028             0.50000                  48             0.49791             1.00000
                   3                  10             1048576             0.55000             0.49790             1.00000            15.15278             0.01666             0.00028             0.50000                  49             0.49790             1.00000
                   3                  10             1048576             0.55000             0.49788             1.00000            15.15294             0.01763             0.00031             0.50000                  50             0.49788             1.00000
                   3                  10             1048576             0.55000             0.49787             1.00000            15.15300             0.01696             0.00029             0.50000                  51             0.49787             1.00000
                   3                  10             1048576             0.55000             0.49786             1.00000            15.15298             0.01839             0.00034             0.50000                  52             0.49786             1.00000
                   3                  10             1048576             0.55000             0.49785             1.00000            15.15266             0.01683             0.00028             0.50000                  53             0.49785             1.00000
                   3                  10             1048576             0.55000             0.49783             1.00000            15.15279             0.01691             0.00029             0.50000                  54             0.49783             1.00000
                   3                  10             1048576             0.55000             0.49782             1.00000            15.15267             0.01664             0.00028             0.50000                  55             0.49782             1.00000
                   3                  10             1048576             0.55000             0.49781             1.00000            15.15292             0.01699             0.00029             0.50000                  56             0.49781             1.00000
                   3                  10             1048576             0.55000             0.49780             1.00000            15.15279             0.01678             0.00028             0.50000                  57             0.49780             1.00000
                   3                  10             1048576             0.55000             0.49779             1.00000            15.15270             0.01668             0.00028             0.50000                  58             0.49779             1.00000
                   3                  10             1048576             0.55000             0.49778             1.00000            15.15283             0.01708             0.00029             0.50000                  59             0.49778             1.00000
                   3                  10             1048576             0.55000             0.49777             1.00000            15.15252             0.01685             0.00028             0.50000                  60             0.49777             1.00000
                   3                  10             1048576             0.55000             0.49776             1.00000            15.15283             0.01664             0.00028             0.50000                  61             0.49776             1.00000
                   3                  10             1048576             0.55000             0.49776             1.00000            15.15263             0.01735             0.00030             0.50000                  62             0.49776             1.00000
                   3                  10             1048576             0.55000             0.49775             1.00000            15.15274             0.01664             0.00028             0.50000                  63             0.49775             1.00000
                   3                  10             1048576             0.55000             0.49774             1.00000            15.15280             0.01675             0.00028             0.50000                  64             0.49774             1.00000
                   3                  10             1048576             0.55000             0.49773             1.00000            15.15274             0.01650             0.00027             0.50000                  65             0.49773             1.00000
                   3                  10             1048576             0.55000             0.49772             1.00000            15.15256             0.01693             0.00029             0.50000                  66             0.49772             1.00000
                   3                  10             1048576             0.55000             0.49772             1.00000            15.15283             0.02095             0.00044             0.50000                  67             0.49772             1.00000
                   3                  10             1048576             0.55000             0.49771             1.00000            15.15287             0.01658             0.00027             0.50000                  68             0.49771             1.00000
                   3                  10             1048576             0.55000             0.49770             1.00000            15.15295             0.01762             0.00031             0.50000                  69             0.49770             1.00000
                   3                  10             1048576             0.55000             0.49770             1.00000            15.15276             0.01696             0.00029             0.50000                  70             0.49770             1.00000
                   3                  10             1048576             0.55000             0.49769             1.00000            15.15276             0.01696             0.00029             0.50000                  71             0.49769             1.00000
                   3                  50             1048576             0.55000             0.50000             1.00000            78.95931             0.23025             0.05301             0.50000                   0             0.50000             1.00000
                   3                  50             1048576             0.55000             0.49896             1.00000            78.95751             0.20741             0.04302             0.50000                   1             0.49896             1.00000
                   3                  50             1048576             0.55000             0.49805             1.00000            78.95031             0.19245             0.03704             0.50000                   2             0.49805             1.00000
                   3                  50             1048576             0.55000             0.49721             1.00000            78.94520             0.19379             0.03755             0.50000                   3             0.49721             1.00000
                   3                  50             1048576             0.55000             0.49648             1.00000            78.94844             0.17026             0.02899             0.50000                   4             0.49648             1.00000
                   3                  50             1048576             0.55000             0.49581             1.00000            78.94551             0.17698             0.03132             0.50000                   5             0.49581             1.00000
                   3                  50             1048576             0.55000             0.49519             1.00000            78.94619             0.14302             0.02045             0.50000                   6             0.49519             1.00000
                   3                  50             1048576             0.55000             0.49464             1.00000            78.94710             0.13962             0.01949             0.50000                   7             0.49464             1.00000
                   3                  50             1048576             0.55000             0.49415             1.00000            78.93959             0.12871             0.01657             0.50000                   8             0.49415             1.00000
                   3                  50             1048576             0.55000             0.49373             1.00000            78.94515             0.13069             0.01708             0.50000                   9             0.49373             1.00000
                   3                  50             1048576             0.55000             0.49333             1.00000            78.94240             0.12849             0.01651             0.50000                  10             0.49333             1.00000
                   3                  50             1048576             0.55000             0.49294             1.00000            78.93919             0.12609             0.01590             0.50000                  11             0.49294             1.00000
                   3                  50             1048576             0.55000             0.49259             1.00000            78.94266             0.16794             0.02820             0.50000                  12             0.49259             1.00000
                   3                  50             1048576             0.55000             0.49227             1.00000            78.94022             0.19726             0.03891             0.50000                  13             0.49227             1.00000
                   3                  50             1048576             0.55000             0.49198             1.00000            78.93588             0.11449             0.01311             0.50000                  14             0.49198             1.00000
                   3                  50             1048576             0.55000             0.49173             1.00000            78.93753             0.10465             0.01095             0.50000                  15             0.49173             1.00000
                   3                  50             1048576             0.55000             0.49148             1.00000            78.94088             0.10182             0.01037             0.50000                  16             0.49148             1.00000
                   3                  50             1048576             0.55000             0.49128             1.00000            78.94143             0.10329             0.01067             0.50000                  17             0.49128             1.00000
                   3                  50             1048576             0.55000             0.49109             1.00000            78.93700             0.12682             0.01608             0.50000                  18             0.49109             1.00000
                   3                  50             1048576             0.55000             0.49091             1.00000            78.93994             0.09935             0.00987             0.50000                  19             0.49091             1.00000
                   3                  50             1048576             0.55000             0.49075             1.00000            78.93833             0.10013             0.01003             0.50000                  20             0.49075             1.00000
                   3                  50             1048576             0.55000             0.49060             1.00000            78.93853             0.14650             0.02146             0.50000                  21             0.49060             1.00000
                   3                  50             1048576             0.55000             0.49047             1.00000            78.94317             0.09687             0.00938             0.50000                  22             0.49047             1.00000
                   3                  50             1048576             0.55000             0.49035             1.00000            78.94055             0.10167             0.01034             0.50000                  23             0.49035             1.00000
                   3                  50             1048576             0.55000             0.49024             1.00000            78.93959             0.10894             0.01187             0.50000                  24             0.49024             1.00000
                   3                  50             1048576             0.55000             0.49014             1.00000            78.93841             0.13601             0.01850             0.50000                  25             0.49014             1.00000
                   3                  50             1048576             0.55000             0.49006             1.00000            78.94097             0.10313             0.01064             0.50000                  26             0.49006             1.00000
                   3                  50             1048576             0.55000             0.48999             1.00000            78.93716             0.09708             0.00942             0.50000                  27             0.48999             1.00000
                   3                  50             1048576             0.55000             0.48990             1.00000            78.93802             0.09603             0.00922             0.50000                  28             0.48990             1.00000
                   3                  50             1048576             0.55000             0.48982             1.00000            78.94052             0.09340             0.00872             0.50000                  29             0.48982             1.00000
                   3                  50             1048576             0.55000             0.48977             1.00000            78.93941             0.09433             0.00890             0.50000                  30             0.48977             1.00000
                   3                  50             1048576             0.55000             0.48971             1.00000            78.94253             0.10146             0.01029             0.50000                  31             0.48971             1.00000
                   3                  50             1048576             0.55000             0.48966             1.00000            78.93902             0.10681             0.01141             0.50000                  32             0.48966             1.00000
                   3                  50             1048576             0.55000             0.48960             1.00000            78.93940             0.09896             0.00979             0.50000                  33             0.48960             1.00000
                   3                  50             1048576             0.55000             0.48957             1.00000            78.93969             0.10034             0.01007             0.50000                  34             0.48957             1.00000
                   3                  50             1048576             0.55000             0.48952             1.00000            78.93867             0.10597             0.01123             0.50000                  35             0.48952             1.00000
                   3                  50             1048576             0.55000             0.48949             1.00000            78.94190             0.09468             0.00896             0.50000                  36             0.48949             1.00000
                   3                  50             1048576             0.55000             0.48946             1.00000            78.93982             0.13374             0.01789             0.50000                  37             0.48946             1.00000
                   3                  50             1048576             0.55000             0.48943             1.00000            78.94168             0.10365             0.01074             0.50000                  38             0.48943             1.00000
                   3                  50             1048576             0.55000             0.48943             1.00000            78.94093             0.09467             0.00896             0.50000                  39             0.48943             1.00000
                   3                  50             1048576             0.55000             0.48942             1.00000            78.93919             0.09452             0.00893             0.50000                  40             0.48942             1.00000
                   3                  50             1048576             0.55000             0.48939             1.00000            78.93822             0.10785             0.01163             0.50000                  41             0.48939             1.00000
                   3                  50             1048576             0.55000             0.48938             1.00000            78.93820             0.09240             0.00854             0.50000                  42             0.48938             1.00000
                   3                  50             1048576             0.55000             0.48936             1.00000            78.93894             0.09302             0.00865             0.50000                  43             0.48936             1.00000
                   3                  50             1048576             0.55000             0.48935             1.00000            78.94242             0.09394             0.00882             0.50000                  44             0.48935             1.00000
                   3                  50             1048576             0.55000             0.48932             1.00000            78.93863             0.29015             0.08419             0.50000                  45             0.48932             1.00000
                   3                  50             1048576             0.55000             0.48931             1.00000            78.94339             0.09739             0.00948             0.50000                  46             0.48931             1.00000
                   3                  50             1048576             0.55000             0.48930             1.00000            78.93961             0.10140             0.01028             0.50000                  47             0.48930             1.00000
                   3                  50             1048576             0.55000             0.48928             1.00000            78.93996             0.10273             0.01055             0.50000                  48             0.48928             1.00000
                   3                  50             1048576             0.55000             0.48928             1.00000            78.94106             0.11185             0.01251             0.50000                  49             0.48928             1.00000
                   3                  50             1048576             0.55000             0.48927             1.00000            78.94106             0.11185             0.01251             0.50000                  50             0.48927             1.00000
                   3                 100             1048576             0.55000             0.50000             1.00000           165.09023             0.52427             0.27485             0.50000                   0             0.50000             1.00000
                   3                 100             1048576             0.55000             0.49764             1.00000           165.11685             0.47254             0.22329             0.50000                   1             0.49764             1.00000
                   3                 100             1048576             0.55000             0.49554             1.00000           165.05659             0.70267             0.49374             0.50000                   2             0.49554             1.00000
                   3                 100             1048576             0.55000             0.49373             1.00000           165.04969             0.37187             0.13829             0.50000                   3             0.49373             1.00000
                   3                 100             1048576             0.55000             0.49205             1.00000           165.06818             0.33584             0.11279             0.50000                   4             0.49205             1.00000
                   3                 100             1048576             0.55000             0.49072             1.00000           165.03876             0.35514             0.12613             0.50000                   5             0.49072             1.00000
                   3                 100             1048576             0.55000             0.48968             1.00000           165.02233             0.27194             0.07395             0.50000                   6             0.48968             1.00000
                   3                 100             1048576             0.55000             0.48872             1.00000           165.03031             0.29578             0.08748             0.50000                   7             0.48872             1.00000
                   3                 100             1048576             0.55000             0.48791             1.00000           165.04311             0.24061             0.05789             0.50000                   8             0.48791             1.00000
                   3                 100             1048576             0.55000             0.48711             1.00000           165.03842             0.24278             0.05894             0.50000                   9             0.48711             1.00000
                   3                 100             1048576             0.55000             0.48646             1.00000           165.02722             0.21814             0.04759             0.50000                  10             0.48646             1.00000
                   3                 100             1048576             0.55000             0.48593             1.00000           165.01928             0.24428             0.05967             0.50000                  11             0.48593             1.00000
                   3                 100             1048576             0.55000             0.48547             1.00000           165.01963             0.22742             0.05172             0.50000                  12             0.48547             1.00000
                   3                 100             1048576             0.55000             0.48506             1.00000           165.03342             0.20435             0.04176             0.50000                  13             0.48506             1.00000
                   3                 100             1048576             0.55000             0.48476             1.00000           165.02427             0.36751             0.13507             0.50000                  14             0.48476             1.00000
                   3                 100             1048576             0.55000             0.48449             1.00000           165.02421             0.24503             0.06004             0.50000                  15             0.48449             1.00000
                   3                 100             1048576             0.55000             0.48420             1.00000           165.02630             0.20485             0.04197             0.50000                  16             0.48420             1.00000
                   3                 100             1048576             0.55000             0.48398             1.00000           165.02024             0.18744             0.03513             0.50000                  17             0.48398             1.00000
                   3                 100             1048576             0.55000             0.48380             1.00000           165.02333             0.24746             0.06124             0.50000                  18             0.48380             1.00000
                   3                 100             1048576             0.55000             0.48365             1.00000           165.01768             0.35683             0.12733             0.50000                  19             0.48365             1.00000
                   3                 100             1048576             0.55000             0.48353             1.00000           165.02207             0.23338             0.05447             0.50000                  20             0.48353             1.00000
                   3                 100             1048576             0.55000             0.48338             1.00000           165.02818             0.23483             0.05515             0.50000                  21             0.48338             1.00000
                   3                 100             1048576             0.55000             0.48329             1.00000           165.02513             0.20801             0.04327             0.50000                  22             0.48329             1.00000
                   3                 100             1048576             0.55000             0.48319             1.00000           165.02661             0.19409             0.03767             0.50000                  23             0.48319             1.00000
                   3                 100             1048576             0.55000             0.48312             1.00000           165.01862             0.23052             0.05314             0.50000                  24             0.48312             1.00000
                   3                 100             1048576             0.55000             0.48304             1.00000           165.01776             0.20712             0.04290             0.50000                  25             0.48304             1.00000
                   3                 100             1048576             0.55000             0.48298             1.00000           165.02250             0.18775             0.03525             0.50000                  26             0.48298             1.00000
                   3                 100             1048576             0.55000             0.48294             1.00000           165.02690             0.21101             0.04453             0.50000                  27             0.48294             1.00000
                   3                 100             1048576             0.55000             0.48285             1.00000           165.02386             0.21577             0.04656             0.50000                  28             0.48285             1.00000
                   3                 100             1048576             0.55000             0.48280             1.00000           165.01413             0.20179             0.04072             0.50000                  29             0.48280             1.00000
                   3                 100             1048576             0.55000             0.48279             1.00000           165.03158             0.83431             0.69607             0.50000                  30             0.48279             1.00000
                   3                 100             1048576             0.55000             0.48278             1.00000           165.01869             0.34490             0.11895             0.50000                  31             0.48278             1.00000
                   3                 100             1048576             0.55000             0.48278             1.00000           165.02269             0.21912             0.04801             0.50000                  32             0.48278             1.00000
                   3                 100             1048576             0.55000             0.48278             1.00000           165.03035             0.19864             0.03946             0.50000                  33             0.48278             1.00000
                   3                 100             1048576             0.55000             0.48279             1.00000           165.01496             0.17671             0.03123             0.50000                  34             0.48279             1.00000
                   3                 100             1048576             0.55000             0.48274             1.00000           165.01864             0.20113             0.04045             0.50000                  35             0.48274             1.00000
                   3                 100             1048576             0.55000             0.48269             1.00000           165.02132             0.18806             0.03537             0.50000                  36             0.48269             1.00000
                   3                 100             1048576             0.55000             0.48273             1.00000           165.01079             0.47492             0.22555             0.50000                  37             0.48273             1.00000
                   3                 100             1048576             0.55000             0.48273             1.00000           165.01079             0.47492             0.22555             0.50000                  38             0.48273             1.00000
