          Dimensions           Particles         Metro-steps          StepLength                 WF1                 WF2              Energy          Energy_std          Energy_var             Alpha_0               Epoch               Alpha                Beta
                   3                  10             1048576             0.55000             0.50000             2.82843            24.39755             0.05329             0.00284             0.50000                   0             0.50000             2.82843
                   3                  10             1048576             0.55000             0.49984             2.82843            24.40047             0.05369             0.00288             0.50000                   1             0.49984             2.82843
                   3                  10             1048576             0.55000             0.49969             2.82843            24.39927             0.05275             0.00278             0.50000                   2             0.49969             2.82843
                   3                  10             1048576             0.55000             0.49955             2.82843            24.39813             0.05116             0.00262             0.50000                   3             0.49955             2.82843
                   3                  10             1048576             0.55000             0.49943             2.82843            24.39962             0.05214             0.00272             0.50000                   4             0.49943             2.82843
                   3                  10             1048576             0.55000             0.49930             2.82843            24.39930             0.05229             0.00273             0.50000                   5             0.49930             2.82843
                   3                  10             1048576             0.55000             0.49919             2.82843            24.39882             0.05044             0.00254             0.50000                   6             0.49919             2.82843
                   3                  10             1048576             0.55000             0.49908             2.82843            24.39920             0.05098             0.00260             0.50000                   7             0.49908             2.82843
                   3                  10             1048576             0.55000             0.49898             2.82843            24.39935             0.05005             0.00250             0.50000                   8             0.49898             2.82843
                   3                  10             1048576             0.55000             0.49888             2.82843            24.39912             0.05036             0.00254             0.50000                   9             0.49888             2.82843
                   3                  10             1048576             0.55000             0.49879             2.82843            24.39932             0.05010             0.00251             0.50000                  10             0.49879             2.82843
                   3                  10             1048576             0.55000             0.49871             2.82843            24.39975             0.05049             0.00255             0.50000                  11             0.49871             2.82843
                   3                  10             1048576             0.55000             0.49863             2.82843            24.39796             0.05035             0.00253             0.50000                  12             0.49863             2.82843
                   3                  10             1048576             0.55000             0.49855             2.82843            24.39874             0.05308             0.00282             0.50000                  13             0.49855             2.82843
                   3                  10             1048576             0.55000             0.49848             2.82843            24.39869             0.05026             0.00253             0.50000                  14             0.49848             2.82843
                   3                  10             1048576             0.55000             0.49842             2.82843            24.39751             0.05002             0.00250             0.50000                  15             0.49842             2.82843
                   3                  10             1048576             0.55000             0.49836             2.82843            24.39851             0.05369             0.00288             0.50000                  16             0.49836             2.82843
                   3                  10             1048576             0.55000             0.49831             2.82843            24.39869             0.04987             0.00249             0.50000                  17             0.49831             2.82843
                   3                  10             1048576             0.55000             0.49825             2.82843            24.39844             0.05073             0.00257             0.50000                  18             0.49825             2.82843
                   3                  10             1048576             0.55000             0.49820             2.82843            24.39849             0.05024             0.00252             0.50000                  19             0.49820             2.82843
                   3                  10             1048576             0.55000             0.49815             2.82843            24.39817             0.05001             0.00250             0.50000                  20             0.49815             2.82843
                   3                  10             1048576             0.55000             0.49811             2.82843            24.39827             0.05054             0.00255             0.50000                  21             0.49811             2.82843
                   3                  10             1048576             0.55000             0.49806             2.82843            24.39889             0.05082             0.00258             0.50000                  22             0.49806             2.82843
                   3                  10             1048576             0.55000             0.49802             2.82843            24.39815             0.05072             0.00257             0.50000                  23             0.49802             2.82843
                   3                  10             1048576             0.55000             0.49799             2.82843            24.39879             0.05055             0.00256             0.50000                  24             0.49799             2.82843
                   3                  10             1048576             0.55000             0.49795             2.82843            24.39847             0.05104             0.00261             0.50000                  25             0.49795             2.82843
                   3                  10             1048576             0.55000             0.49792             2.82843            24.39849             0.05080             0.00258             0.50000                  26             0.49792             2.82843
                   3                  10             1048576             0.55000             0.49789             2.82843            24.39853             0.05123             0.00262             0.50000                  27             0.49789             2.82843
                   3                  10             1048576             0.55000             0.49786             2.82843            24.39845             0.05105             0.00261             0.50000                  28             0.49786             2.82843
                   3                  10             1048576             0.55000             0.49783             2.82843            24.39864             0.05129             0.00263             0.50000                  29             0.49783             2.82843
                   3                  10             1048576             0.55000             0.49781             2.82843            24.39816             0.05165             0.00267             0.50000                  30             0.49781             2.82843
                   3                  10             1048576             0.55000             0.49779             2.82843            24.39924             0.05144             0.00265             0.50000                  31             0.49779             2.82843
                   3                  10             1048576             0.55000             0.49777             2.82843            24.39820             0.05225             0.00273             0.50000                  32             0.49777             2.82843
                   3                  10             1048576             0.55000             0.49775             2.82843            24.39864             0.05182             0.00269             0.50000                  33             0.49775             2.82843
                   3                  10             1048576             0.55000             0.49773             2.82843            24.39866             0.05166             0.00267             0.50000                  34             0.49773             2.82843
                   3                  10             1048576             0.55000             0.49771             2.82843            24.39885             0.05182             0.00269             0.50000                  35             0.49771             2.82843
                   3                  10             1048576             0.55000             0.49769             2.82843            24.39858             0.05156             0.00266             0.50000                  36             0.49769             2.82843
                   3                  10             1048576             0.55000             0.49768             2.82843            24.39833             0.05155             0.00266             0.50000                  37             0.49768             2.82843
                   3                  10             1048576             0.55000             0.49766             2.82843            24.39872             0.05186             0.00269             0.50000                  38             0.49766             2.82843
                   3                  10             1048576             0.55000             0.49764             2.82843            24.39859             0.05198             0.00270             0.50000                  39             0.49764             2.82843
                   3                  10             1048576             0.55000             0.49763             2.82843            24.39910             0.05218             0.00272             0.50000                  40             0.49763             2.82843
                   3                  10             1048576             0.55000             0.49762             2.82843            24.39913             0.05199             0.00270             0.50000                  41             0.49762             2.82843
                   3                  10             1048576             0.55000             0.49761             2.82843            24.39841             0.05195             0.00270             0.50000                  42             0.49761             2.82843
                   3                  10             1048576             0.55000             0.49759             2.82843            24.39848             0.05252             0.00276             0.50000                  43             0.49759             2.82843
                   3                  10             1048576             0.55000             0.49758             2.82843            24.39871             0.05293             0.00280             0.50000                  44             0.49758             2.82843
                   3                  10             1048576             0.55000             0.49757             2.82843            24.39855             0.05240             0.00275             0.50000                  45             0.49757             2.82843
                   3                  10             1048576             0.55000             0.49757             2.82843            24.39852             0.05181             0.00268             0.50000                  46             0.49757             2.82843
                   3                  10             1048576             0.55000             0.49756             2.82843            24.39824             0.05223             0.00273             0.50000                  47             0.49756             2.82843
                   3                  10             1048576             0.55000             0.49755             2.82843            24.39901             0.05251             0.00276             0.50000                  48             0.49755             2.82843
                   3                  10             1048576             0.55000             0.49754             2.82843            24.39831             0.05249             0.00275             0.50000                  49             0.49754             2.82843
                   3                  10             1048576             0.55000             0.49754             2.82843            24.39831             0.05249             0.00275             0.50000                  50             0.49754             2.82843
                   3                  50             1048576             0.55000             0.50000             2.82843           127.28746             0.49603             0.24604             0.50000                   0             0.50000             2.82843
                   3                  50             1048576             0.55000             0.49842             2.82843           127.26962             0.44816             0.20084             0.50000                   1             0.49842             2.82843
                   3                  50             1048576             0.55000             0.49695             2.82843           127.28852             0.41857             0.17520             0.50000                   2             0.49695             2.82843
                   3                  50             1048576             0.55000             0.49577             2.82843           127.26278             0.41096             0.16889             0.50000                   3             0.49577             2.82843
                   3                  50             1048576             0.55000             0.49475             2.82843           127.26878             0.40947             0.16767             0.50000                   4             0.49475             2.82843
                   3                  50             1048576             0.55000             0.49387             2.82843           127.27672             0.42151             0.17767             0.50000                   5             0.49387             2.82843
                   3                  50             1048576             0.55000             0.49314             2.82843           127.26728             0.42987             0.18479             0.50000                   6             0.49314             2.82843
                   3                  50             1048576             0.55000             0.49254             2.82843           127.27027             0.41658             0.17354             0.50000                   7             0.49254             2.82843
                   3                  50             1048576             0.55000             0.49202             2.82843           127.25986             0.44319             0.19642             0.50000                   8             0.49202             2.82843
                   3                  50             1048576             0.55000             0.49163             2.82843           127.26090             0.42376             0.17957             0.50000                   9             0.49163             2.82843
                   3                  50             1048576             0.55000             0.49124             2.82843           127.25157             0.42504             0.18066             0.50000                  10             0.49124             2.82843
                   3                  50             1048576             0.55000             0.49068             2.82843           127.27104             0.42972             0.18466             0.50000                  12             0.49068             2.82843
                   3                  50             1048576             0.55000             0.49039             2.82843           127.26992             0.46553             0.21672             0.50000                  13             0.49039             2.82843
                   3                  50             1048576             0.55000             0.49017             2.82843           127.26692             0.44370             0.19687             0.50000                  14             0.49017             2.82843
                   3                  50             1048576             0.55000             0.48998             2.82843           127.26338             0.44760             0.20034             0.50000                  15             0.48998             2.82843
                   3                  50             1048576             0.55000             0.48978             2.82843           127.25671             0.44147             0.19490             0.50000                  16             0.48978             2.82843
                   3                  50             1048576             0.55000             0.48965             2.82843           127.24189             0.43309             0.18757             0.50000                  17             0.48965             2.82843
                   3                  50             1048576             0.55000             0.48961             2.82843           127.27884             0.44504             0.19806             0.50000                  18             0.48961             2.82843
                   3                  50             1048576             0.55000             0.48950             2.82843           127.25579             0.44968             0.20221             0.50000                  19             0.48950             2.82843
                   3                  50             1048576             0.55000             0.48945             2.82843           127.26214             0.45383             0.20596             0.50000                  20             0.48945             2.82843
                   3                  50             1048576             0.55000             0.48942             2.82843           127.27636             0.44513             0.19814             0.50000                  21             0.48942             2.82843
                   3                  50             1048576             0.55000             0.48939             2.82843           127.26959             0.47046             0.22133             0.50000                  22             0.48939             2.82843
                   3                  50             1048576             0.55000             0.48933             2.82843           127.24872             0.47269             0.22344             0.50000                  23             0.48933             2.82843
                   3                  50             1048576             0.55000             0.48931             2.82843           127.26244             0.44702             0.19982             0.50000                  24             0.48931             2.82843
                   3                  50             1048576             0.55000             0.48925             2.82843           127.27169             0.45980             0.21141             0.50000                  25             0.48925             2.82843
                   3                  50             1048576             0.55000             0.48927             2.82843           127.25461             0.46389             0.21520             0.50000                  26             0.48927             2.82843
                   3                  50             1048576             0.55000             0.48921             2.82843           127.25519             0.44999             0.20249             0.50000                  27             0.48921             2.82843
                   3                  50             1048576             0.55000             0.48923             2.82843           127.26751             0.43532             0.18950             0.50000                  28             0.48923             2.82843
                   3                  50             1048576             0.55000             0.48919             2.82843           127.26348             0.44170             0.19510             0.50000                  29             0.48919             2.82843
                   3                  50             1048576             0.55000             0.48930             2.82843           127.26875             0.45374             0.20588             0.50000                  30             0.48930             2.82843
                   3                  50             1048576             0.55000             0.48920             2.82843           127.26665             0.45038             0.20285             0.50000                  31             0.48920             2.82843
                   3                  50             1048576             0.55000             0.48921             2.82843           127.25780             0.44979             0.20231             0.50000                  32             0.48921             2.82843
                   3                  50             1048576             0.55000             0.48907             2.82843           127.26350             0.44952             0.20207             0.50000                  33             0.48907             2.82843
                   3                  50             1048576             0.55000             0.48911             2.82843           127.27651             0.44134             0.19478             0.50000                  34             0.48911             2.82843
                   3                  50             1048576             0.55000             0.48904             2.82843           127.25590             0.46658             0.21770             0.50000                  35             0.48904             2.82843
                   3                  50             1048576             0.55000             0.48905             2.82843           127.26628             0.44683             0.19965             0.50000                  36             0.48905             2.82843
                   3                  50             1048576             0.55000             0.48897             2.82843           127.26773             0.46298             0.21435             0.50000                  37             0.48897             2.82843
                   3                  50             1048576             0.55000             0.48891             2.82843           127.27308             0.44811             0.20080             0.50000                  38             0.48891             2.82843
                   3                  50             1048576             0.55000             0.48889             2.82843           127.28014             0.44754             0.20029             0.50000                  39             0.48889             2.82843
                   3                  50             1048576             0.55000             0.48891             2.82843           127.25640             0.45347             0.20563             0.50000                  40             0.48891             2.82843
                   3                  50             1048576             0.55000             0.48892             2.82843           127.26292             0.44483             0.19788             0.50000                  41             0.48892             2.82843
                   3                  50             1048576             0.55000             0.48893             2.82843           127.27111             0.44405             0.19718             0.50000                  42             0.48893             2.82843
                   3                  50             1048576             0.55000             0.48894             2.82843           127.25472             0.44170             0.19510             0.50000                  43             0.48894             2.82843
                   3                  50             1048576             0.55000             0.48895             2.82843           127.26714             0.44538             0.19836             0.50000                  44             0.48895             2.82843
                   3                  50             1048576             0.55000             0.48895             2.82843           127.26714             0.44538             0.19836             0.50000                  45             0.48895             2.82843
                   3                 100             1048576             0.55000             0.50000             2.82843           266.31496             1.04495             1.09193             0.50000                   0             0.50000             2.82843
                   3                 100             1048576             0.55000             0.49621             2.82843           266.31415             1.00884             1.01775             0.50000                   1             0.49621             2.82843
                   3                 100             1048576             0.55000             0.49312             2.82843           266.21161             0.97734             0.95520             0.50000                   2             0.49312             2.82843
                   3                 100             1048576             0.55000             0.49074             2.82843           266.22001             0.96841             0.93782             0.50000                   3             0.49074             2.82843
                   3                 100             1048576             0.55000             0.48884             2.82843           266.21941             0.99597             0.99195             0.50000                   4             0.48884             2.82843
                   3                 100             1048576             0.55000             0.48645             2.82843           266.17421             1.03639             1.07411             0.50000                   6             0.48645             2.82843
                   3                 100             1048576             0.55000             0.48576             2.82843           266.22486             0.99420             0.98844             0.50000                   7             0.48576             2.82843
                   3                 100             1048576             0.55000             0.48503             2.82843           266.22652             1.00091             1.00183             0.50000                   8             0.48503             2.82843
                   3                 100             1048576             0.55000             0.48464             2.82843           266.16077             1.03050             1.06192             0.50000                   9             0.48464             2.82843
                   3                 100             1048576             0.55000             0.48423             2.82843           266.19164             1.02126             1.04297             0.50000                  10             0.48423             2.82843
                   3                 100             1048576             0.55000             0.48401             2.82843           266.21094             1.16675             1.36130             0.50000                  11             0.48401             2.82843
                   3                 100             1048576             0.55000             0.48375             2.82843           266.20730             1.07458             1.15473             0.50000                  12             0.48375             2.82843
                   3                 100             1048576             0.55000             0.48345             2.82843           266.19304             1.06010             1.12382             0.50000                  13             0.48345             2.82843
                   3                 100             1048576             0.55000             0.48348             2.82843           266.21581             1.08099             1.16855             0.50000                  14             0.48348             2.82843
                   3                 100             1048576             0.55000             0.48336             2.82843           266.24679             1.06390             1.13188             0.50000                  15             0.48336             2.82843
                   3                 100             1048576             0.55000             0.48321             2.82843           266.17974             1.08220             1.17115             0.50000                  16             0.48321             2.82843
                   3                 100             1048576             0.55000             0.48300             2.82843           266.15008             1.02426             1.04911             0.50000                  17             0.48300             2.82843
                   3                 100             1048576             0.55000             0.48315             2.82843           266.21160             1.03954             1.08063             0.50000                  18             0.48315             2.82843
                   3                 100             1048576             0.55000             0.48325             2.82843           266.16525             1.03234             1.06572             0.50000                  19             0.48325             2.82843
                   3                 100             1048576             0.55000             0.48305             2.82843           266.16815             1.04296             1.08776             0.50000                  20             0.48305             2.82843
                   3                 100             1048576             0.55000             0.48286             2.82843           266.21511             1.09777             1.20509             0.50000                  21             0.48286             2.82843
                   3                 100             1048576             0.55000             0.48272             2.82843           266.12995             1.08929             1.18656             0.50000                  22             0.48272             2.82843
                   3                 100             1048576             0.55000             0.48280             2.82843           266.22470             1.06924             1.14327             0.50000                  23             0.48280             2.82843
                   3                 100             1048576             0.55000             0.48276             2.82843           266.19343             1.04542             1.09291             0.50000                  24             0.48276             2.82843
                   3                 100             1048576             0.55000             0.48265             2.82843           266.20648             1.06837             1.14141             0.50000                  25             0.48265             2.82843
                   3                 100             1048576             0.55000             0.48246             2.82843           266.18986             1.05533             1.11372             0.50000                  26             0.48246             2.82843
                   3                 100             1048576             0.55000             0.48265             2.82843           266.12863             1.11740             1.24857             0.50000                  27             0.48265             2.82843
                   3                 100             1048576             0.55000             0.48270             2.82843           266.20410             1.06713             1.13877             0.50000                  28             0.48270             2.82843
                   3                 100             1048576             0.55000             0.48273             2.82843           266.19745             1.05310             1.10903             0.50000                  29             0.48273             2.82843
                   3                 100             1048576             0.55000             0.48273             2.82843           266.19745             1.05310             1.10903             0.50000                  30             0.48273             2.82843
