          Dimensions           Particles         Metro-steps               Omega          StepLength                 WF1                 WF2              Energy          Energy_std          Energy_var       Accept_number        Accept_ratio        Imposampling          Analytical
                   3                   1               65536             1.00000             1.00000             0.10000             1.00000             3.93030             2.96690             8.80251               50098             0.76443                   0                   1
                   3                   1               65536             1.00000             1.00000             0.10000             1.00000             3.93030             2.96690             8.80251               50098             0.76443                   0                   0
                   3                   1               65536             1.00000             1.00000             0.11010             1.00000             3.59880             2.68739             7.22208               49425             0.75417                   0                   1
                   3                   1               65536             1.00000             1.00000             0.11010             1.00000             3.59880             2.68739             7.22208               49425             0.75417                   0                   0
                   3                   1               65536             1.00000             1.00000             0.12020             1.00000             3.32895             2.43076             5.90861               48633             0.74208                   0                   1
                   3                   1               65536             1.00000             1.00000             0.12020             1.00000             3.32895             2.43076             5.90861               48633             0.74208                   0                   0
                   3                   1               65536             1.00000             1.00000             0.13030             1.00000             3.08396             2.20544             4.86398               47944             0.73157                   0                   1
                   3                   1               65536             1.00000             1.00000             0.13030             1.00000             3.08396             2.20544             4.86398               47944             0.73157                   0                   0
                   3                   1               65536             1.00000             1.00000             0.14040             1.00000             2.91159             2.03664             4.14791               47236             0.72076                   0                   1
                   3                   1               65536             1.00000             1.00000             0.14040             1.00000             2.91159             2.03664             4.14791               47236             0.72076                   0                   0
                   3                   1               65536             1.00000             1.00000             0.15051             1.00000             2.75176             1.88660             3.55925               46655             0.71190                   0                   1
                   3                   1               65536             1.00000             1.00000             0.15051             1.00000             2.75176             1.88660             3.55925               46655             0.71190                   0                   0
                   3                   1               65536             1.00000             1.00000             0.16061             1.00000             2.59998             1.73647             3.01531               46075             0.70305                   0                   1
                   3                   1               65536             1.00000             1.00000             0.16061             1.00000             2.59998             1.73647             3.01531               46075             0.70305                   0                   0
                   3                   1               65536             1.00000             1.00000             0.17071             1.00000             2.47601             1.58623             2.51614               45509             0.69441                   0                   1
                   3                   1               65536             1.00000             1.00000             0.17071             1.00000             2.47601             1.58623             2.51614               45509             0.69441                   0                   0
                   3                   1               65536             1.00000             1.00000             0.18081             1.00000             2.37231             1.49206             2.22626               45000             0.68665                   0                   1
                   3                   1               65536             1.00000             1.00000             0.18081             1.00000             2.37231             1.49206             2.22626               45000             0.68665                   0                   0
                   3                   1               65536             1.00000             1.00000             0.19091             1.00000             2.24892             1.35865             1.84594               44393             0.67738                   0                   1
                   3                   1               65536             1.00000             1.00000             0.19091             1.00000             2.24892             1.35865             1.84594               44393             0.67738                   0                   0
                   3                   1               65536             1.00000             1.00000             0.20101             1.00000             2.18847             1.28718             1.65682               43887             0.66966                   0                   1
                   3                   1               65536             1.00000             1.00000             0.20101             1.00000             2.18847             1.28718             1.65682               43887             0.66966                   0                   0
                   3                   1               65536             1.00000             1.00000             0.21111             1.00000             2.10196             1.18801             1.41136               43413             0.66243                   0                   1
                   3                   1               65536             1.00000             1.00000             0.21111             1.00000             2.10196             1.18801             1.41136               43413             0.66243                   0                   0
                   3                   1               65536             1.00000             1.00000             0.22121             1.00000             2.02364             1.11309             1.23897               42956             0.65546                   0                   1
                   3                   1               65536             1.00000             1.00000             0.22121             1.00000             2.02364             1.11309             1.23897               42956             0.65546                   0                   0
                   3                   1               65536             1.00000             1.00000             0.23131             1.00000             1.97897             1.04210             1.08596               42499             0.64848                   0                   1
                   3                   1               65536             1.00000             1.00000             0.23131             1.00000             1.97897             1.04210             1.08596               42499             0.64848                   0                   0
                   3                   1               65536             1.00000             1.00000             0.24141             1.00000             1.92716             0.97482             0.95027               41952             0.64014                   0                   1
                   3                   1               65536             1.00000             1.00000             0.24141             1.00000             1.92716             0.97482             0.95027               41952             0.64014                   0                   0
                   3                   1               65536             1.00000             1.00000             0.25152             1.00000             1.87144             0.90761             0.82376               41586             0.63455                   0                   1
                   3                   1               65536             1.00000             1.00000             0.25152             1.00000             1.87144             0.90761             0.82376               41586             0.63455                   0                   0
                   3                   1               65536             1.00000             1.00000             0.26162             1.00000             1.82901             0.85006             0.72261               41054             0.62643                   0                   1
                   3                   1               65536             1.00000             1.00000             0.26162             1.00000             1.82901             0.85006             0.72261               41054             0.62643                   0                   0
                   3                   1               65536             1.00000             1.00000             0.27172             1.00000             1.79085             0.78921             0.62285               40589             0.61934                   0                   1
                   3                   1               65536             1.00000             1.00000             0.27172             1.00000             1.79085             0.78921             0.62285               40589             0.61934                   0                   0
                   3                   1               65536             1.00000             1.00000             0.28182             1.00000             1.75770             0.74484             0.55479               40337             0.61549                   0                   1
                   3                   1               65536             1.00000             1.00000             0.28182             1.00000             1.75770             0.74484             0.55479               40337             0.61549                   0                   0
                   3                   1               65536             1.00000             1.00000             0.29192             1.00000             1.72692             0.68626             0.47095               39796             0.60724                   0                   1
                   3                   1               65536             1.00000             1.00000             0.29192             1.00000             1.72692             0.68626             0.47095               39796             0.60724                   0                   0
                   3                   1               65536             1.00000             1.00000             0.30202             1.00000             1.69196             0.63807             0.40713               39417             0.60146                   0                   1
                   3                   1               65536             1.00000             1.00000             0.30202             1.00000             1.69196             0.63807             0.40713               39417             0.60146                   0                   0
                   3                   1               65536             1.00000             1.00000             0.31212             1.00000             1.66701             0.59073             0.34897               39063             0.59605                   0                   1
                   3                   1               65536             1.00000             1.00000             0.31212             1.00000             1.66701             0.59073             0.34897               39063             0.59605                   0                   0
                   3                   1               65536             1.00000             1.00000             0.32222             1.00000             1.65238             0.55581             0.30893               38755             0.59135                   0                   1
                   3                   1               65536             1.00000             1.00000             0.32222             1.00000             1.65238             0.55581             0.30893               38755             0.59135                   0                   0
                   3                   1               65536             1.00000             1.00000             0.33232             1.00000             1.62555             0.50373             0.25374               38222             0.58322                   0                   1
                   3                   1               65536             1.00000             1.00000             0.33232             1.00000             1.62555             0.50373             0.25374               38222             0.58322                   0                   0
                   3                   1               65536             1.00000             1.00000             0.34242             1.00000             1.61338             0.47596             0.22654               37915             0.57854                   0                   1
                   3                   1               65536             1.00000             1.00000             0.34242             1.00000             1.61338             0.47596             0.22654               37915             0.57854                   0                   0
                   3                   1               65536             1.00000             1.00000             0.35253             1.00000             1.59367             0.43296             0.18745               37527             0.57262                   0                   1
                   3                   1               65536             1.00000             1.00000             0.35253             1.00000             1.59367             0.43296             0.18745               37527             0.57262                   0                   0
                   3                   1               65536             1.00000             1.00000             0.36263             1.00000             1.57527             0.39293             0.15439               37217             0.56789                   0                   1
                   3                   1               65536             1.00000             1.00000             0.36263             1.00000             1.57527             0.39293             0.15439               37217             0.56789                   0                   0
                   3                   1               65536             1.00000             1.00000             0.37273             1.00000             1.56447             0.36220             0.13119               36827             0.56194                   0                   1
                   3                   1               65536             1.00000             1.00000             0.37273             1.00000             1.56447             0.36220             0.13119               36827             0.56194                   0                   0
                   3                   1               65536             1.00000             1.00000             0.38283             1.00000             1.55604             0.32965             0.10867               36521             0.55727                   0                   1
                   3                   1               65536             1.00000             1.00000             0.38283             1.00000             1.55604             0.32965             0.10867               36521             0.55727                   0                   0
                   3                   1               65536             1.00000             1.00000             0.39293             1.00000             1.54206             0.29386             0.08635               36174             0.55197                   0                   1
                   3                   1               65536             1.00000             1.00000             0.39293             1.00000             1.54206             0.29386             0.08635               36174             0.55197                   0                   0
                   3                   1               65536             1.00000             1.00000             0.40303             1.00000             1.53410             0.26497             0.07021               35884             0.54755                   0                   1
                   3                   1               65536             1.00000             1.00000             0.40303             1.00000             1.53410             0.26497             0.07021               35884             0.54755                   0                   0
                   3                   1               65536             1.00000             1.00000             0.41313             1.00000             1.52688             0.23524             0.05534               35454             0.54099                   0                   1
                   3                   1               65536             1.00000             1.00000             0.41313             1.00000             1.52688             0.23524             0.05534               35454             0.54099                   0                   0
                   3                   1               65536             1.00000             1.00000             0.42323             1.00000             1.51836             0.20273             0.04110               35186             0.53690                   0                   1
                   3                   1               65536             1.00000             1.00000             0.42323             1.00000             1.51836             0.20273             0.04110               35186             0.53690                   0                   0
                   3                   1               65536             1.00000             1.00000             0.43333             1.00000             1.51663             0.17538             0.03076               34886             0.53232                   0                   1
                   3                   1               65536             1.00000             1.00000             0.43333             1.00000             1.51663             0.17538             0.03076               34886             0.53232                   0                   0
                   3                   1               65536             1.00000             1.00000             0.44343             1.00000             1.51170             0.14849             0.02205               34669             0.52901                   0                   1
                   3                   1               65536             1.00000             1.00000             0.44343             1.00000             1.51170             0.14849             0.02205               34669             0.52901                   0                   0
                   3                   1               65536             1.00000             1.00000             0.45354             1.00000             1.50584             0.11777             0.01387               34289             0.52321                   0                   1
                   3                   1               65536             1.00000             1.00000             0.45354             1.00000             1.50584             0.11777             0.01387               34289             0.52321                   0                   0
                   3                   1               65536             1.00000             1.00000             0.46364             1.00000             1.50295             0.09085             0.00825               33942             0.51791                   0                   1
                   3                   1               65536             1.00000             1.00000             0.46364             1.00000             1.50295             0.09085             0.00825               33942             0.51791                   0                   0
                   3                   1               65536             1.00000             1.00000             0.47374             1.00000             1.50211             0.06595             0.00435               33731             0.51469                   0                   1
                   3                   1               65536             1.00000             1.00000             0.47374             1.00000             1.50211             0.06595             0.00435               33731             0.51469                   0                   0
                   3                   1               65536             1.00000             1.00000             0.48384             1.00000             1.49999             0.03923             0.00154               33470             0.51071                   0                   1
                   3                   1               65536             1.00000             1.00000             0.48384             1.00000             1.49999             0.03923             0.00154               33470             0.51071                   0                   0
                   3                   1               65536             1.00000             1.00000             0.49394             1.00000             1.50013             0.01498             0.00022               33271             0.50768                   0                   1
                   3                   1               65536             1.00000             1.00000             0.49394             1.00000             1.50013             0.01498             0.00022               33271             0.50768                   0                   0
                   3                   1               65536             1.00000             1.00000             0.50404             1.00000             1.50010             0.00974             0.00009               33024             0.50391                   0                   1
                   3                   1               65536             1.00000             1.00000             0.50404             1.00000             1.50010             0.00974             0.00009               33024             0.50391                   0                   0
                   3                   1               65536             1.00000             1.00000             0.51414             1.00000             1.50085             0.03351             0.00112               32689             0.49879                   0                   1
                   3                   1               65536             1.00000             1.00000             0.51414             1.00000             1.50085             0.03351             0.00112               32689             0.49879                   0                   0
                   3                   1               65536             1.00000             1.00000             0.52424             1.00000             1.50168             0.05708             0.00326               32386             0.49417                   0                   1
                   3                   1               65536             1.00000             1.00000             0.52424             1.00000             1.50168             0.05708             0.00326               32386             0.49417                   0                   0
                   3                   1               65536             1.00000             1.00000             0.53434             1.00000             1.50330             0.08103             0.00657               32178             0.49100                   0                   1
                   3                   1               65536             1.00000             1.00000             0.53434             1.00000             1.50330             0.08103             0.00657               32178             0.49100                   0                   0
                   3                   1               65536             1.00000             1.00000             0.54444             1.00000             1.50556             0.10411             0.01084               32020             0.48859                   0                   1
                   3                   1               65536             1.00000             1.00000             0.54444             1.00000             1.50556             0.10411             0.01084               32020             0.48859                   0                   0
                   3                   1               65536             1.00000             1.00000             0.55455             1.00000             1.51004             0.12469             0.01555               31673             0.48329                   0                   1
                   3                   1               65536             1.00000             1.00000             0.55455             1.00000             1.51004             0.12469             0.01555               31673             0.48329                   0                   0
                   3                   1               65536             1.00000             1.00000             0.56465             1.00000             1.51068             0.14732             0.02170               31442             0.47977                   0                   1
                   3                   1               65536             1.00000             1.00000             0.56465             1.00000             1.51068             0.14732             0.02170               31442             0.47977                   0                   0
                   3                   1               65536             1.00000             1.00000             0.57475             1.00000             1.51492             0.16976             0.02882               31233             0.47658                   0                   1
                   3                   1               65536             1.00000             1.00000             0.57475             1.00000             1.51492             0.16976             0.02882               31233             0.47658                   0                   0
                   3                   1               65536             1.00000             1.00000             0.58485             1.00000             1.51846             0.19125             0.03658               30969             0.47255                   0                   1
                   3                   1               65536             1.00000             1.00000             0.58485             1.00000             1.51846             0.19125             0.03658               30969             0.47255                   0                   0
                   3                   1               65536             1.00000             1.00000             0.59495             1.00000             1.52417             0.21160             0.04477               30703             0.46849                   0                   1
                   3                   1               65536             1.00000             1.00000             0.59495             1.00000             1.52417             0.21160             0.04477               30703             0.46849                   0                   0
                   3                   1               65536             1.00000             1.00000             0.60505             1.00000             1.52919             0.23226             0.05394               30511             0.46556                   0                   1
                   3                   1               65536             1.00000             1.00000             0.60505             1.00000             1.52919             0.23226             0.05394               30511             0.46556                   0                   0
                   3                   1               65536             1.00000             1.00000             0.61515             1.00000             1.53480             0.25227             0.06364               30288             0.46216                   0                   1
                   3                   1               65536             1.00000             1.00000             0.61515             1.00000             1.53480             0.25227             0.06364               30288             0.46216                   0                   0
                   3                   1               65536             1.00000             1.00000             0.62525             1.00000             1.53791             0.27272             0.07437               29927             0.45665                   0                   1
                   3                   1               65536             1.00000             1.00000             0.62525             1.00000             1.53791             0.27272             0.07437               29927             0.45665                   0                   0
                   3                   1               65536             1.00000             1.00000             0.63535             1.00000             1.54402             0.29195             0.08523               29827             0.45512                   0                   1
                   3                   1               65536             1.00000             1.00000             0.63535             1.00000             1.54402             0.29195             0.08523               29827             0.45512                   0                   0
                   3                   1               65536             1.00000             1.00000             0.64545             1.00000             1.55273             0.31139             0.09696               29477             0.44978                   0                   1
                   3                   1               65536             1.00000             1.00000             0.64545             1.00000             1.55273             0.31139             0.09696               29477             0.44978                   0                   0
                   3                   1               65536             1.00000             1.00000             0.65556             1.00000             1.55732             0.32763             0.10734               29270             0.44662                   0                   1
                   3                   1               65536             1.00000             1.00000             0.65556             1.00000             1.55732             0.32763             0.10734               29270             0.44662                   0                   0
                   3                   1               65536             1.00000             1.00000             0.66566             1.00000             1.56238             0.35320             0.12475               29172             0.44513                   0                   1
                   3                   1               65536             1.00000             1.00000             0.66566             1.00000             1.56238             0.35320             0.12475               29172             0.44513                   0                   0
                   3                   1               65536             1.00000             1.00000             0.67576             1.00000             1.57750             0.36771             0.13521               28809             0.43959                   0                   1
                   3                   1               65536             1.00000             1.00000             0.67576             1.00000             1.57750             0.36771             0.13521               28809             0.43959                   0                   0
                   3                   1               65536             1.00000             1.00000             0.68586             1.00000             1.58005             0.38815             0.15066               28702             0.43796                   0                   1
                   3                   1               65536             1.00000             1.00000             0.68586             1.00000             1.58005             0.38815             0.15066               28702             0.43796                   0                   0
                   3                   1               65536             1.00000             1.00000             0.69596             1.00000             1.57892             0.41054             0.16854               28478             0.43454                   0                   1
                   3                   1               65536             1.00000             1.00000             0.69596             1.00000             1.57892             0.41054             0.16854               28478             0.43454                   0                   0
                   3                   1               65536             1.00000             1.00000             0.70606             1.00000             1.59471             0.42581             0.18132               28245             0.43098                   0                   1
                   3                   1               65536             1.00000             1.00000             0.70606             1.00000             1.59471             0.42581             0.18132               28245             0.43098                   0                   0
                   3                   1               65536             1.00000             1.00000             0.71616             1.00000             1.60152             0.43879             0.19254               28127             0.42918                   0                   1
                   3                   1               65536             1.00000             1.00000             0.71616             1.00000             1.60152             0.43879             0.19254               28127             0.42918                   0                   0
                   3                   1               65536             1.00000             1.00000             0.72626             1.00000             1.60699             0.46034             0.21191               27969             0.42677                   0                   1
                   3                   1               65536             1.00000             1.00000             0.72626             1.00000             1.60699             0.46034             0.21191               27969             0.42677                   0                   0
                   3                   1               65536             1.00000             1.00000             0.73636             1.00000             1.62590             0.46999             0.22089               27707             0.42278                   0                   1
                   3                   1               65536             1.00000             1.00000             0.73636             1.00000             1.62590             0.46999             0.22089               27707             0.42278                   0                   0
                   3                   1               65536             1.00000             1.00000             0.74646             1.00000             1.62600             0.49850             0.24850               27513             0.41982                   0                   1
                   3                   1               65536             1.00000             1.00000             0.74646             1.00000             1.62600             0.49850             0.24850               27513             0.41982                   0                   0
                   3                   1               65536             1.00000             1.00000             0.75657             1.00000             1.63265             0.51681             0.26709               27431             0.41856                   0                   1
                   3                   1               65536             1.00000             1.00000             0.75657             1.00000             1.63265             0.51681             0.26709               27431             0.41856                   0                   0
                   3                   1               65536             1.00000             1.00000             0.76667             1.00000             1.64213             0.52851             0.27932               27235             0.41557                   0                   1
                   3                   1               65536             1.00000             1.00000             0.76667             1.00000             1.64213             0.52851             0.27932               27235             0.41557                   0                   0
                   3                   1               65536             1.00000             1.00000             0.77677             1.00000             1.65262             0.54001             0.29161               27070             0.41306                   0                   1
                   3                   1               65536             1.00000             1.00000             0.77677             1.00000             1.65262             0.54001             0.29161               27070             0.41306                   0                   0
                   3                   1               65536             1.00000             1.00000             0.78687             1.00000             1.65318             0.57417             0.32967               26670             0.40695                   0                   1
                   3                   1               65536             1.00000             1.00000             0.78687             1.00000             1.65318             0.57417             0.32967               26670             0.40695                   0                   0
                   3                   1               65536             1.00000             1.00000             0.79697             1.00000             1.66803             0.58656             0.34405               26543             0.40501                   0                   1
                   3                   1               65536             1.00000             1.00000             0.79697             1.00000             1.66803             0.58656             0.34405               26543             0.40501                   0                   0
                   3                   1               65536             1.00000             1.00000             0.80707             1.00000             1.67638             0.60581             0.36701               26344             0.40198                   0                   1
                   3                   1               65536             1.00000             1.00000             0.80707             1.00000             1.67638             0.60581             0.36701               26344             0.40198                   0                   0
                   3                   1               65536             1.00000             1.00000             0.81717             1.00000             1.68604             0.62140             0.38614               26180             0.39948                   0                   1
                   3                   1               65536             1.00000             1.00000             0.81717             1.00000             1.68604             0.62140             0.38614               26180             0.39948                   0                   0
                   3                   1               65536             1.00000             1.00000             0.82727             1.00000             1.69673             0.64304             0.41350               25933             0.39571                   0                   1
                   3                   1               65536             1.00000             1.00000             0.82727             1.00000             1.69673             0.64304             0.41350               25933             0.39571                   0                   0
                   3                   1               65536             1.00000             1.00000             0.83737             1.00000             1.70695             0.64867             0.42077               25973             0.39632                   0                   1
                   3                   1               65536             1.00000             1.00000             0.83737             1.00000             1.70695             0.64867             0.42077               25973             0.39632                   0                   0
                   3                   1               65536             1.00000             1.00000             0.84747             1.00000             1.71363             0.67591             0.45685               25779             0.39336                   0                   1
                   3                   1               65536             1.00000             1.00000             0.84747             1.00000             1.71363             0.67591             0.45685               25779             0.39336                   0                   0
                   3                   1               65536             1.00000             1.00000             0.85758             1.00000             1.72912             0.68395             0.46779               25540             0.38971                   0                   1
                   3                   1               65536             1.00000             1.00000             0.85758             1.00000             1.72912             0.68395             0.46779               25540             0.38971                   0                   0
                   3                   1               65536             1.00000             1.00000             0.86768             1.00000             1.74189             0.69809             0.48733               25401             0.38759                   0                   1
                   3                   1               65536             1.00000             1.00000             0.86768             1.00000             1.74189             0.69809             0.48733               25401             0.38759                   0                   0
                   3                   1               65536             1.00000             1.00000             0.87778             1.00000             1.73865             0.72213             0.52147               25166             0.38400                   0                   1
                   3                   1               65536             1.00000             1.00000             0.87778             1.00000             1.73865             0.72213             0.52147               25166             0.38400                   0                   0
                   3                   1               65536             1.00000             1.00000             0.88788             1.00000             1.75284             0.74582             0.55625               25075             0.38261                   0                   1
                   3                   1               65536             1.00000             1.00000             0.88788             1.00000             1.75284             0.74582             0.55625               25075             0.38261                   0                   0
                   3                   1               65536             1.00000             1.00000             0.89798             1.00000             1.76577             0.75275             0.56663               24787             0.37822                   0                   1
                   3                   1               65536             1.00000             1.00000             0.89798             1.00000             1.76577             0.75275             0.56663               24787             0.37822                   0                   0
                   3                   1               65536             1.00000             1.00000             0.90808             1.00000             1.77705             0.76385             0.58347               24836             0.37897                   0                   1
                   3                   1               65536             1.00000             1.00000             0.90808             1.00000             1.77705             0.76385             0.58347               24836             0.37897                   0                   0
                   3                   1               65536             1.00000             1.00000             0.91818             1.00000             1.78622             0.78775             0.62055               24580             0.37506                   0                   1
                   3                   1               65536             1.00000             1.00000             0.91818             1.00000             1.78622             0.78775             0.62055               24580             0.37506                   0                   0
                   3                   1               65536             1.00000             1.00000             0.92828             1.00000             1.80299             0.79720             0.63553               24346             0.37149                   0                   1
                   3                   1               65536             1.00000             1.00000             0.92828             1.00000             1.80299             0.79720             0.63553               24346             0.37149                   0                   0
                   3                   1               65536             1.00000             1.00000             0.93838             1.00000             1.80837             0.82776             0.68518               24128             0.36816                   0                   1
                   3                   1               65536             1.00000             1.00000             0.93838             1.00000             1.80837             0.82776             0.68518               24128             0.36816                   0                   0
                   3                   1               65536             1.00000             1.00000             0.94848             1.00000             1.82467             0.82513             0.68084               23955             0.36552                   0                   1
                   3                   1               65536             1.00000             1.00000             0.94848             1.00000             1.82467             0.82513             0.68084               23955             0.36552                   0                   0
                   3                   1               65536             1.00000             1.00000             0.95859             1.00000             1.83241             0.85447             0.73011               23910             0.36484                   0                   1
                   3                   1               65536             1.00000             1.00000             0.95859             1.00000             1.83241             0.85447             0.73011               23910             0.36484                   0                   0
                   3                   1               65536             1.00000             1.00000             0.96869             1.00000             1.84393             0.85787             0.73594               23675             0.36125                   0                   1
                   3                   1               65536             1.00000             1.00000             0.96869             1.00000             1.84393             0.85787             0.73594               23675             0.36125                   0                   0
                   3                   1               65536             1.00000             1.00000             0.97879             1.00000             1.85637             0.88129             0.77667               23538             0.35916                   0                   1
                   3                   1               65536             1.00000             1.00000             0.97879             1.00000             1.85637             0.88129             0.77667               23538             0.35916                   0                   0
                   3                   1               65536             1.00000             1.00000             0.98889             1.00000             1.86224             0.88932             0.79088               23299             0.35551                   0                   1
                   3                   1               65536             1.00000             1.00000             0.98889             1.00000             1.86224             0.88932             0.79088               23299             0.35551                   0                   0
                   3                   1               65536             1.00000             1.00000             0.99899             1.00000             1.86961             0.91281             0.83322               23200             0.35400                   0                   1
                   3                   1               65536             1.00000             1.00000             0.99899             1.00000             1.86961             0.91281             0.83322               23200             0.35400                   0                   0
                   3                   1               65536             1.00000             1.00000             1.00909             1.00000             1.88870             0.92730             0.85989               23171             0.35356                   0                   1
                   3                   1               65536             1.00000             1.00000             1.00909             1.00000             1.88870             0.92730             0.85989               23171             0.35356                   0                   0
                   3                   1               65536             1.00000             1.00000             1.01919             1.00000             1.90715             0.93281             0.87014               22935             0.34996                   0                   1
                   3                   1               65536             1.00000             1.00000             1.01919             1.00000             1.90715             0.93281             0.87014               22935             0.34996                   0                   0
                   3                   1               65536             1.00000             1.00000             1.02929             1.00000             1.91112             0.95738             0.91659               22715             0.34660                   0                   1
                   3                   1               65536             1.00000             1.00000             1.02929             1.00000             1.91112             0.95738             0.91659               22715             0.34660                   0                   0
                   3                   1               65536             1.00000             1.00000             1.03939             1.00000             1.92562             0.97138             0.94358               22631             0.34532                   0                   1
                   3                   1               65536             1.00000             1.00000             1.03939             1.00000             1.92562             0.97138             0.94358               22631             0.34532                   0                   0
                   3                   1               65536             1.00000             1.00000             1.04949             1.00000             1.94432             0.97799             0.95646               22439             0.34239                   0                   1
                   3                   1               65536             1.00000             1.00000             1.04949             1.00000             1.94432             0.97799             0.95646               22439             0.34239                   0                   0
                   3                   1               65536             1.00000             1.00000             1.05960             1.00000             1.93865             1.00649             1.01302               22520             0.34363                   0                   1
                   3                   1               65536             1.00000             1.00000             1.05960             1.00000             1.93865             1.00649             1.01302               22520             0.34363                   0                   0
                   3                   1               65536             1.00000             1.00000             1.06970             1.00000             1.94926             1.02531             1.05125               22203             0.33879                   0                   1
                   3                   1               65536             1.00000             1.00000             1.06970             1.00000             1.94926             1.02531             1.05125               22203             0.33879                   0                   0
                   3                   1               65536             1.00000             1.00000             1.07980             1.00000             1.98047             1.02727             1.05528               22131             0.33769                   0                   1
                   3                   1               65536             1.00000             1.00000             1.07980             1.00000             1.98047             1.02727             1.05528               22131             0.33769                   0                   0
                   3                   1               65536             1.00000             1.00000             1.08990             1.00000             1.97560             1.07625             1.15831               21990             0.33554                   0                   1
                   3                   1               65536             1.00000             1.00000             1.08990             1.00000             1.97560             1.07625             1.15831               21990             0.33554                   0                   0
                   3                   1               65536             1.00000             1.00000             1.10000             1.00000             1.97330             1.08436             1.17584               21799             0.33263                   0                   1
                   3                   1               65536             1.00000             1.00000             1.10000             1.00000             1.97330             1.08436             1.17584               21799             0.33263                   0                   0
